0.4           	5	0.0
0.0           	3	0.0
0.45          	3	0.075
0.483333333333	4	0.216666666667
0.0           	0	0.0
0.0           	2	0.0
0.0           	5	0.0
0.535714285714	1	0.357142857143
0.533333333333	2	0.383333333333
0.0           	5	0.0
0.0           	0	0.0
0.5           	2	0.5
0.5           	2	0.0
0.383333333333	1	-0.05
0.383333333333	3	-0.05
0.85          	2	0.25
0.35          	1	0.35
0.0           	2	0.0
0.0           	4	0.0
0.766666666667	2	-0.366666666667
0.166666666667	0	-0.183333333333
0.0           	2	0.0
0.0           	1	0.0
0.642857142857	2	0.292857142857
0.0           	0	0.0
0.0           	5	0.0
0.288888888889	2	-0.155555555556
0.0           	0	0.0
0.333333333333	4	0.166666666667
0.0           	9	0.0
0.683333333333	2	-0.166666666667
0.0           	0	0.0
0.166666666667	3	-0.166666666667
0.0           	3	0.0
0.75          	2	-0.125
0.0           	4	0.0
0.0           	1	0.0
0.0           	2	0.0
0.0           	1	0.0
0.5           	1	0.25
0.1           	7	0.3
1.0           	2	0.625
0.4375        	1	-0.2125
0.55          	4	0.0
0.4           	0	0.2
0.360714285714	1	0.275
0.796296296296	7	0.0
1.0           	2	-1.0
0.0           	1	0.0
0.0           	1	0.0
0.423333333333	2	-0.06
0.82962962963 	2	0.333333333333
0.6           	3	0.0
0.383333333333	1	-0.04375
0.45          	1	-0.00714285714286
0.15          	5	-0.158333333333
0.6           	2	0.7
0.0           	1	0.0
0.441666666667	2	-0.15
0.0           	2	0.0
0.744444444444	2	0.244444444444
0.0           	2	0.0
0.0           	2	0.0
0.5           	3	0.0
0.785714285714	2	0.303571428571
0.777777777778	3	0.0888888888889
0.0           	1	0.0
0.925         	3	-0.25
0.54          	3	0.16
0.54          	3	0.16
0.3           	3	0.1
0.0           	1	0.0
0.0           	0	0.0
0.32          	0	0.400390625
0.6           	1	-0.4
1.0           	2	-0.583333333333
0.0           	1	0.0
0.414444444444	2	-0.0311111111111
0.0           	2	0.0
0.5           	3	0.5
0.6           	2	-0.075
0.745238095238	3	-0.371428571429
0.0           	2	0.0
0.1           	3	0.1
0.288888888889	2	-0.155555555556
0.0           	1	0.0
0.0           	4	0.0
0.6           	0	0.7
0.85          	5	0.15
0.666666666667	3	-0.270833333333
0.1           	6	0.0
1.0           	1	-0.25
0.3           	6	0.15
0.6           	2	-0.4
0.0           	0	0.0
0.52380952381 	4	0.0945616883117
0.344444444444	2	0.122222222222
0.65          	2	0.55
0.875         	5	-0.0608333333333
1.0           	1	-1.0
0.944444444444	3	-0.5
0.5           	2	0.0
0.0           	1	0.0
0.3           	6	0.15
0.0           	2	0.0
0.916666666667	4	-0.0833333333333
1.0           	0	0.5
0.0           	0	0.0
0.0           	1	0.0
0.65          	1	0.35
0.4425        	4	-0.0508333333333
0.0           	4	0.0
1.0           	1	-0.75
0.422222222222	7	0.0111111111111
0.694444444444	2	0.5625
0.5           	0	0.0
0.5           	1	0.5
0.7           	2	0.316666666667
0.5           	4	-0.1
1.0           	1	0.75
0.7           	2	0.8
1.0           	2	-0.5
0.133333333333	3	0.1
0.9           	3	-0.6
0.0           	2	0.0
0.3           	4	0.25
1.0           	1	0.0
0.633333333333	7	-0.55
0.666666666667	2	0.133333333333
0.25          	8	0.0
0.6           	1	0.875
0.744444444444	0	0.6
0.4           	6	0.0
0.0           	2	0.0
0.3           	6	0.15
0.538461538462	2	0.0
0.3           	2	0.35
1.0           	3	0.0
0.4           	1	0.3
0.0           	6	0.0
0.4           	6	0.0
0.4           	6	0.0
0.25          	1	-0.05
0.55          	1	-0.3125
0.4           	4	0.0
0.6           	1	-0.5
0.5           	0	0.125
0.4           	6	0.0
0.125         	1	0.0
0.0           	0	0.0
0.0           	1	0.0
0.0           	6	0.0
0.0           	0	0.0
0.535714285714	1	-0.178571428571
0.0           	3	0.0
0.866666666667	5	0.4
0.0           	2	0.0
0.8           	5	-0.45
0.0           	3	0.0
0.211111111111	3	0.122222222222
0.35          	6	-0.025
0.833333333333	4	-0.35
0.6           	4	0.5
0.1           	1	0.0
0.477272727273	4	0.0681818181818
0.3           	6	0.15
0.4           	6	0.0
0.850909090909	4	0.447272727273
0.425         	1	0.35
0.0           	2	0.0
0.0           	1	0.0
0.3           	5	0.0
0.0           	2	0.0
0.0           	0	0.0
0.458928571429	2	0.126785714286
0.401785714286	3	0.0446428571429
0.4           	2	-0.2
1.0           	2	0.0
0.3           	6	0.15
0.375         	3	-0.15625
0.2           	1	0.2
0.375         	1	-0.125
0.233333333333	2	0.0666666666667
0.7           	0	-0.2
0.761507936508	4	0.0589285714286
0.5           	3	0.5
0.95          	2	0.4
0.928571428571	5	-0.357142857143
0.4           	4	0.0
0.0           	1	0.0
0.267857142857	1	0.0928571428571
0.0           	1	0.0
0.3           	3	0.25
0.428571428571	1	0.2
0.0           	1	0.0
0.0           	1	0.0
0.0           	4	0.0
1.0           	2	0.0
0.1           	3	0.0
0.3           	5	0.15
0.083333333333	2	-0.183333333333
0.0           	0	0.0
0.466666666667	2	0.2
0.5           	1	-0.5
0.285185185185	1	-0.0518518518519
0.666666666667	3	-0.7
0.0           	1	0.0
0.454545454545	2	0.136363636364
0.45          	1	0.25
0.8           	6	0.475
0.4           	0	0.0666666666667
0.15          	2	-0.025
0.511904761905	1	-0.0214285714286
0.62380952381 	1	-0.122023809524
0.0           	1	0.0
1.0           	2	0.075
0.0           	1	0.0
0.433333333333	3	-0.0333333333333
0.425         	3	0.0
0.0           	5	0.0
0.35          	5	-0.0166666666667
0.46875       	2	0.375
0.0           	0	0.0
0.2           	1	0.3
0.454545454545	3	0.136363636364
0.5           	6	-0.3
1.0           	2	1.0
0.0           	1	0.0
0.0           	1	0.0
0.75          	3	0.0
0.866666666667	1	0.3
0.8           	0	0.1
0.283928571429	1	0.0464285714286
0.25          	2	-0.25
0.55          	1	-0.3
0.7           	1	0.8
0.677272727273	3	0.268181818182
0.5           	3	0.333333333333
0.3           	2	1.0
0.6           	0	0.5
0.0           	5	0.0
0.5           	6	0.17
0.0           	1	0.0
0.0           	4	0.0
0.375         	6	-0.125
0.875         	6	0.375
0.45          	3	0.233333333333
1.0           	1	-1.0
0.6           	2	0.7
0.5           	3	0.0
0.0           	0	0.0
0.0           	7	0.0
0.6           	1	0.5
0.333333333333	5	0.0
0.0           	7	0.0
0.0           	0	0.0
1.0           	1	0.0
0.35          	1	-0.1
0.0           	1	0.0
0.2           	3	0.15
0.188888888889	2	0.0777777777778
0.45          	3	0.45
0.4           	3	0.1
0.0           	2	0.0
0.7           	1	0.8
0.607142857143	1	-0.285714285714
1.0           	1	1.0
0.0           	2	0.0
0.2           	4	0.2
0.0           	0	0.0
0.767857142857	1	-0.232142857143
0.0           	1	0.0
0.5           	0	0.625
0.575         	1	0.0578125
0.0           	2	0.0
0.556666666667	1	-0.13
0.0           	0	0.0
0.0           	5	0.0
0.65          	2	0.0
0.375         	5	0.375
0.455357142857	3	0.209821428571
0.0           	2	0.0
0.6875        	3	0.25
0.0           	3	0.0
0.727272727273	1	0.443181818182
0.0           	0	0.0
0.0           	0	0.0
0.0           	3	0.0
0.0           	2	0.0
0.533333333333	1	-0.133333333333
0.4           	5	0.0
0.0           	1	0.0
0.0           	2	0.0
0.0           	0	0.0
1.0           	2	1.0
0.533333333333	1	0.025
0.0           	2	0.0
0.584848484848	3	-0.0212121212121
0.486111111111	5	-0.0694444444444
1.0           	2	0.0
1.0           	1	-0.75
0.0           	3	0.0
0.454545454545	1	0.136363636364
0.5           	2	0.5
0.77          	5	0.08
0.15          	3	0.1
0.520833333333	1	-0.4125
0.0           	3	0.0
0.0           	2	0.0
0.0           	2	0.0
0.433333333333	1	0.116666666667
0.833333333333	2	0.333333333333
0.8           	2	-0.2
0.45          	2	0.5
0.65          	6	0.025
0.8           	1	0.5
1.0           	1	-0.2
0.0           	2	0.0
0.454545454545	1	0.136363636364
0.69375       	1	0.4435546875
0.5           	2	0.25
0.1           	0	-0.2
0.645833333333	3	-0.1
0.0           	1	0.0
0.4           	1	-0.075
0.3           	2	0.15
0.0           	2	0.0
0.0           	3	0.0
0.0           	0	0.0
0.77          	2	0.58
0.0           	1	0.0
1.0           	4	-0.15
0.0           	2	0.0
1.0           	0	0.3
0.9           	5	0.4
0.2           	1	0.2
0.666666666667	0	0.144444444444
0.857142857143	3	-0.714285714286
0.0           	4	0.0
0.506944444444	1	0.25
0.65          	2	-0.4
0.0           	7	0.0
0.0           	0	0.0
1.0           	3	-0.9375
0.0           	3	0.0
0.0           	1	0.0
0.7           	0	0.4
0.288888888889	0	-0.155555555556
0.0           	0	0.0
0.0           	1	0.0
0.5           	0	0.0
0.6           	2	-0.25
0.0           	2	0.0
0.3           	6	0.15
0.333333333333	4	-0.0833333333333
0.0           	0	0.0
0.0           	0	0.0
0.8           	3	-0.2
0.733333333333	1	0.266666666667
0.0           	4	0.0
0.0           	1	0.0
0.0           	1	0.0
1.0           	4	0.0
0.6           	0	-0.22
0.9           	3	-0.6
0.241666666667	4	0.1
0.0           	0	0.0
0.0           	3	0.0
0.4           	2	-0.375
0.0           	4	0.0
0.0           	4	0.0
0.3           	3	0.1
0.0           	1	0.0
0.0           	1	0.0
0.333333333333	6	0.166666666667
0.0           	4	0.0
0.383333333333	1	-0.2
0.4           	5	0.4
0.9           	2	0.4
0.0           	2	0.0
0.5           	0	0.295
0.511363636364	1	0.306818181818
0.430303030303	0	0.0340909090909
0.0           	2	0.0
1.0           	0	-1.0
0.75          	5	-0.333333333333
0.0           	3	0.0
0.0           	2	0.0
0.0           	2	-0.2
0.9           	1	-0.8
0.59375       	5	-0.45625
0.233333333333	1	0.05
0.8           	5	-0.2
0.85          	3	-0.075
0.6375        	3	-0.0625
1.0           	1	-0.5
0.4           	0	-0.05
0.0           	0	0.0
1.0           	2	-0.25
0.0           	0	0.0
0.3025        	1	-0.0375
0.35          	1	-0.15
0.0           	0	0.0
0.9           	0	-0.6
0.0           	0	0.0
0.1           	0	-0.2
0.708333333333	4	0.05
0.666666666667	2	-0.7
0.488541666667	5	-0.119791666667
0.05          	5	0.0
0.9           	3	0.525
0.666666666667	1	-0.25
0.666666666667	3	-0.7
0.0           	0	0.0
0.6           	0	0.25
0.54          	2	0.1
0.575         	1	0.5
0.0           	0	0.0
0.0           	1	0.0
0.666666666667	1	-0.7
0.0           	4	0.0
0.49512987013 	1	0.211038961039
0.4375        	0	-0.0625
0.0           	1	0.0
0.8           	3	-0.4
0.3           	2	-0.3
0.066666666666	4	-0.166666666667
0.0           	5	0.0
0.75          	2	-0.025
0.0           	4	0.0
0.0           	0	0.0
0.85          	2	0.4
1.0           	1	-0.5
0.9           	0	-0.233333333333
1.0           	3	0.25
0.566666666667	1	0.0
0.375         	1	-0.125
0.45          	3	-0.3125
0.25          	2	-0.25
0.441666666667	1	0.4
0.375         	2	-0.125
0.888888888889	2	0.625
0.672619047619	3	0.0193452380952
0.666666666667	0	0.4
0.833333333333	2	-0.416666666667
0.0           	2	0.0
0.6           	1	0.0166666666667
0.0           	1	0.0
0.666666666667	0	0.05
0.9           	3	-0.5
0.6           	1	-0.2
0.666666666667	2	0.466666666667
0.466666666667	1	0.05
0.375         	2	0.0
0.333333333333	0	0.0166666666667
1.0           	1	-0.5
0.0           	2	0.0
0.2           	1	0.390625
1.0           	2	1.0
0.5           	9	-0.4
0.0           	6	0.025
0.277777777778	2	0.0722222222222
0.0           	1	0.0
0.0           	2	0.0
0.0           	2	0.0
0.0           	1	0.0
0.541666666667	0	-0.104166666667
0.0           	0	0.0
0.0           	2	0.0
0.0           	2	0.0
0.0           	2	0.0
0.0           	2	0.0
0.0           	2	0.0
0.563636363636	4	0.434090909091
0.0           	0	0.0
0.0           	0	0.0
0.555555555556	4	-0.3
0.0           	3	0.0
0.0           	4	0.0
0.75          	1	-0.1
0.280555555556	1	-0.0305555555556
1.0           	1	0.5
0.270833333333	3	-0.145833333333
0.375         	7	-0.125
0.6           	3	-0.2
0.8           	2	0.05
0.794444444444	1	0.98828125
0.25          	7	-0.25
0.0           	0	0.0
0.65          	5	0.541666666667
0.0           	1	0.0
0.35          	2	0.05
0.0           	0	0.0
0.1           	2	-0.1
0.85          	1	0.75
0.0           	2	0.0
0.0           	0	0.0
0.0           	0	0.0
0.875         	1	0.375
0.0           	4	0.0
0.3           	2	-0.5
0.4           	4	-0.3
0.5           	5	0.5
0.0           	5	0.0
0.0           	1	0.0
0.733333333333	4	0.466666666667
0.7           	2	0.8
0.7           	1	0.8
0.351515151515	5	0.273232323232
0.4           	6	0.0
0.0           	0	0.0
1.0           	0	0.5
0.0           	1	0.0
0.0           	2	0.0
0.0           	2	0.0
0.0           	0	0.0
0.0           	0	0.0
0.475         	1	0.425
0.4           	6	0.0
0.3           	4	0.25
0.0           	2	0.0
0.833333333333	2	0.433333333333
0.0           	3	0.0
0.0           	0	0.0
0.535714285714	2	0.285714285714
0.55          	2	0.2
0.5           	3	0.5
0.0           	0	0.0
0.0           	0	0.0
0.454545454545	1	0.136363636364
0.813888888889	0	-0.513888888889
0.25          	3	0.1
1.0           	0	0.8
0.35          	4	0.05
0.0           	5	0.0
0.5           	2	0.5
0.0           	1	0.0
0.533333333333	1	-0.383333333333
0.0           	4	0.0
0.85          	0	0.75
0.8           	1	-0.0166666666667
0.125         	1	-0.025
0.55          	2	0.2125
0.75          	2	-0.34375
0.4           	0	-0.06
0.0           	1	0.0
0.266666666667	1	0.2
0.0           	0	0.0
0.85          	3	0.1
0.2           	0	0.2
0.8           	2	-0.2
0.8           	0	-0.6
0.0           	1	0.0
0.15          	2	0.0
0.0           	0	0.0
0.525         	2	0.0125
0.0           	2	0.0
0.405777777778	4	0.140888888889
0.166666666667	0	0.0
0.466666666667	2	-0.243055555556
0.517857142857	2	0.142857142857
0.55          	3	0.15
0.125         	1	0.0
0.833333333333	1	0.433333333333
0.0           	1	0.0
0.0           	1	0.0
0.166666666667	4	0.0
0.45          	2	0.3
0.0           	2	0.0
0.5           	1	0.5
0.557142857143	2	0.447619047619
0.65          	2	-0.2
0.469444444444	4	0.225
0.0           	1	0.0
0.55          	1	0.2
0.5           	1	0.0
0.294444444444	2	0.0784722222222
0.0           	1	0.0
0.0           	1	0.0
0.0           	1	0.0
0.0           	0	0.0
0.6           	1	0.05
0.5           	0	0.0
0.6           	0	-0.259375
0.0           	2	0.0
0.6           	1	0.05
0.35          	2	-0.0203125
0.0           	0	0.0
0.8           	0	-0.6
0.591666666667	1	0.3
0.767857142857	1	0.142857142857
1.0           	1	0.0
0.7           	2	0.233333333333
0.0           	1	0.0
0.0           	1	0.0
0.535714285714	0	0.285714285714
0.0           	1	0.0
0.6           	2	-0.4
0.767857142857	1	0.142857142857
0.55          	1	0.2
0.0           	0	0.0
0.9           	0	-0.55
0.0           	1	0.0
1.0           	1	0.05
0.75          	4	-0.25
0.0           	0	0.0
0.0           	1	0.0
0.5           	0	0.0
0.0           	0	0.0
0.417857142857	0	0.242857142857
0.858928571429	2	0.146428571429
0.0           	0	0.0
0.666666666667	0	-0.333333333333
0.75          	1	0.808333333333
0.0           	0	0.0
0.825         	3	0.475
0.575         	1	-0.0125
0.6           	1	0.5
0.0           	0	0.0
0.616666666667	0	-0.191666666667
1.0           	0	0.0
0.0           	0	0.0
0.6           	2	-0.4
0.666666666667	0	-0.7
0.7           	0	0.425
0.0           	3	0.0
0.0           	1	0.0
0.475         	2	0.175
0.033333333333	1	0.0583333333333
0.0           	3	0.0
0.627142857143	1	0.317142857143
0.0           	0	0.0
0.4           	2	-0.2
0.75          	4	0.4
0.0           	2	0.0
0.0           	0	0.0
0.0           	0	0.0
0.5           	0	0.5
0.8           	0	-0.6
0.7           	1	0.8
0.1           	2	0.0
0.6           	3	-0.2
0.0           	1	0.0
0.0           	0	0.0
0.0625        	1	0.0
0.666666666667	5	-0.5
0.0           	1	0.0
0.770833333333	0	0.104166666667
0.5           	3	0.0
0.55          	0	-0.2
0.0           	0	0.0
0.0           	1	0.0
0.0           	0	0.0
0.5           	4	0.5
0.3125        	1	0.25
0.0           	1	0.0
0.51          	3	0.415
0.433333333333	1	-0.166666666667
0.0           	0	0.0
0.0           	0	0.0
0.6           	2	-0.45
0.0           	4	0.0
0.4           	1	0.1
0.0           	0	0.0
0.15          	4	0.0
0.454545454545	1	0.170454545455
0.527272727273	1	-0.131818181818
0.0           	1	0.0
0.0           	2	0.0
0.444444444444	0	-0.127777777778
0.75          	1	0.8
0.566666666667	3	-0.0333333333333
0.0           	0	0.0
0.833333333333	2	0.5
0.3           	0	0.0
1.0           	0	-0.25
0.8           	0	0.4
0.2           	3	0.1
0.535714285714	2	0.285714285714
0.0           	0	0.0
0.535714285714	3	0.285714285714
0.0           	2	0.0
0.0           	1	0.0
0.675         	4	0.0875
0.0           	1	0.0
0.55          	3	0.125
0.6           	0	0.7
0.7           	0	0.8
0.7           	3	-0.4
0.5           	4	0.5
0.0           	1	0.0
0.484444444444	3	-0.0777777777778
0.4           	0	-0.5
0.0           	1	0.0
0.5           	1	0.296875
1.0           	2	0.5
0.4           	2	-0.4
0.7           	2	0.25
0.0           	1	0.0
0.0           	0	0.0
0.333333333333	4	0.266666666667
0.6           	1	0.5
0.844444444444	0	0.444444444444
0.35          	2	-0.05
0.0           	0	0.0
0.0           	1	0.0
0.0           	2	0.0
0.9           	3	0.05
0.4           	1	-0.2
0.4           	0	-0.05
0.75          	0	0.5625
0.0           	3	0.0
0.0           	0	0.0
0.0           	0	0.0
0.6           	2	-0.1
0.0           	1	0.0
0.857142857143	4	-0.714285714286
0.0           	0	0.0
0.517857142857	1	0.292857142857
0.35          	1	0.15
0.633333333333	0	-0.2
0.5           	0	0.2
0.1           	0	0.0
0.6           	1	0.6
0.0           	0	0.0
0.5           	0	0.0
0.5           	4	-0.175
0.6875        	1	-0.0625
0.0           	2	0.0
0.725         	2	-0.375
0.747619047619	5	-0.335714285714
0.535714285714	5	0.285714285714
0.0           	0	0.0
0.82962962963 	3	0.116666666667
0.0           	0	0.0
0.0           	1	0.0
0.288888888889	0	-0.155555555556
0.0           	1	0.0
0.6875        	1	-0.390625
0.2           	1	0.2
0.0           	1	0.0
0.7           	2	-0.3
0.0           	0	0.0
0.736111111111	0	-0.230555555556
0.0           	0	0.0
0.0           	7	0.0
0.762962962963	4	-0.426851851852
0.733333333333	5	0.0333333333333
0.0           	0	0.0
0.0           	0	0.0
0.0           	0	0.0
0.0           	1	0.0
0.0           	0	0.0
0.0           	0	0.0
0.9           	2	0.0
0.0           	2	0.0
0.857142857143	2	-0.714285714286
0.7           	4	-0.05
0.666666666667	0	0.625
0.5           	3	0.1
0.60119047619 	1	-0.207142857143
0.0           	0	0.0
0.0           	1	0.0
0.352380952381	3	-0.133333333333
0.4375        	0	0.1875
0.0           	0	0.0
0.6           	1	0.4
0.0           	3	0.0
0.4           	3	-0.2
0.0           	1	0.0
0.65          	4	-0.15
0.0           	2	0.0
0.733333333333	2	0.766666666667
0.666666666667	0	-0.7
0.0           	0	0.0
1.0           	0	0.5
0.9           	1	0.5
0.1           	2	-0.1
0.3           	1	-0.025
0.229166666667	2	0.1875
0.625         	1	0.5
0.0           	4	0.0
0.4           	0	0.490625
0.0           	0	0.0
0.0           	0	0.0
0.0           	2	0.0
0.5875        	1	0.2375
1.0           	1	-0.25
0.0           	2	0.0
0.508333333333	4	0.3
0.5           	1	0.0
0.0           	0	0.0
0.95          	3	0.3
0.4           	1	0.15625
0.0           	3	0.0
0.0           	2	0.0
0.0           	4	0.0
1.0           	1	1.0
0.4           	0	0.25
0.0           	3	0.0
0.3           	0	0.6
0.188888888889	3	0.0798611111111
0.727272727273	0	0.568181818182
0.0           	0	0.0
0.55          	2	0.4
1.0           	4	1.0
0.0           	1	0.0
0.8           	1	0.8
0.0           	1	0.0
0.0           	1	0.0
1.0           	0	0.8
0.666666666667	1	-0.25
0.35          	0	-0.175
0.0           	0	0.0
0.695833333333	1	-0.0708333333333
0.125         	2	0.0
0.45          	3	-0.1
0.34375       	0	-0.15625
0.9           	1	0.8
0.475         	1	0.5
0.9           	2	-0.6
0.0           	2	0.0
0.825         	0	-0.5458984375
0.0           	0	0.0
1.0           	0	0.0
1.0           	1	-0.333333333333
1.0           	0	-0.75
0.5           	3	0.5
0.0           	1	0.0
0.0           	4	0.0
0.5           	4	-0.0833333333333
0.0           	0	0.0
0.775         	3	-0.325
0.55          	6	0.2
0.55          	6	0.2
0.7           	1	0.8
0.0           	0	0.0
0.0           	1	0.0
0.433333333333	3	0.0333333333333
0.75          	1	0.8
0.6           	1	-0.4
0.7           	1	0.8
1.0           	0	0.3125
0.0           	2	0.0
0.508333333333	3	0.3
0.508333333333	4	0.3
0.53125       	3	0.35
0.508333333333	3	0.3
0.508333333333	3	0.3
0.508333333333	3	0.3
0.63125       	4	0.425
0.508333333333	3	0.3
0.63125       	3	0.425
0.508333333333	3	0.3
0.508333333333	3	0.3
0.55625       	3	0.1
0.508333333333	3	0.3
0.55625       	3	0.475
0.508333333333	3	0.3
0.508333333333	3	0.3
0.508333333333	3	0.3
0.508333333333	4	0.3
0.508333333333	3	0.3
0.63125       	3	0.2875
0.2625        	3	0.05
0.508333333333	3	0.3
0.508333333333	3	0.3
0.63125       	3	0.35
0.50625       	3	0.38125
0.508333333333	3	0.3
0.508333333333	3	0.3
0.508333333333	3	0.3
0.508333333333	4	0.3
0.508333333333	3	0.3
0.508333333333	3	0.3
0.508333333333	3	0.3
0.618333333333	3	-0.12
0.508333333333	3	0.3
0.508333333333	3	0.3
0.418333333333	4	0.214895833333
0.53125       	4	0.1625
0.508333333333	3	0.3
0.508333333333	3	0.3
0.508333333333	3	0.3
0.508333333333	3	0.3
0.508333333333	3	0.3
0.508333333333	3	0.3
0.508333333333	3	0.3
0.508333333333	4	0.3
0.508333333333	4	0.3
0.0           	0	0.0
0.50625       	3	0.35
0.508333333333	3	0.3
0.508333333333	3	0.3
0.50625       	4	0.38125
0.508333333333	3	0.3
0.508333333333	3	0.3
0.625         	3	0.33
0.508333333333	3	0.3
0.508333333333	3	0.3
0.63125       	4	0.425
0.50625       	4	0.38125
0.508333333333	3	0.3
0.508333333333	3	0.3
0.508333333333	3	0.3
0.508333333333	3	0.3
0.508333333333	5	0.3
0.508333333333	3	0.3
0.508333333333	3	0.3
0.508333333333	3	0.3
0.0           	1	0.0
0.0           	1	0.0
0.675         	2	0.65625
0.55625       	3	0.425
0.508333333333	3	0.3
0.63125       	3	0.475
0.55625       	3	0.425
0.508333333333	3	0.3
0.508333333333	3	0.3
0.54375       	3	0.36171875
0.508333333333	3	0.3
0.508333333333	3	0.3
0.705         	3	0.44
0.508333333333	3	0.3
0.5           	3	-0.5
0.422916666667	3	0.225
0.35          	0	0.05
0.0           	0	0.0
1.0           	1	0.0
0.7           	7	-0.4
0.566666666667	0	-0.35
0.0           	0	0.0
0.0           	1	0.0
0.152777777778	3	0.0833333333333
0.833333333333	2	-0.7375
0.5           	1	0.416666666667
0.1           	1	0.3
0.0           	0	0.0
0.0           	5	0.0
0.0           	4	-0.2
0.617857142857	2	0.00730519480519
0.2           	0	0.2
0.416666666667	1	0.291666666667
0.0           	2	0.0
0.55          	1	0.35
0.0           	0	0.0
0.79          	2	-0.03
1.0           	2	0.0
0.0           	5	0.0
0.0           	0	0.0
0.0           	1	0.0
0.0           	0	0.0
0.6           	2	1.0
0.0           	0	0.0
0.0           	1	0.0
0.833333333333	2	-0.222222222222
0.0           	3	0.0
0.888888888889	1	0.5
0.0           	2	0.0
0.0           	1	0.0
0.6           	4	0.5
0.283333333333	8	0.166666666667
0.701136363636	0	0.246590909091
0.3           	0	1.0
0.0           	0	0.0
0.0           	0	0.0
0.0           	0	0.0
0.8           	1	0.5
0.75          	4	0.4
0.464814814815	0	0.254282407407
0.0           	4	0.0
0.727272727273	1	0.0681818181818
0.684848484848	1	0.212121212121
1.0           	1	0.0
0.0           	1	0.0
0.616666666667	2	0.2
0.0           	1	0.0
0.0           	0	0.0
0.0           	0	0.0
0.0           	1	0.0
0.0           	0	0.0
0.0           	0	0.0
0.0           	1	0.0
0.0           	0	0.0
0.2625        	4	0.375
0.0           	1	0.0
1.0           	0	-1.0
0.0           	0	0.0
0.6           	2	0.5
0.0           	1	0.0
0.0           	0	0.0
0.0           	1	0.0
0.0           	0	0.0
0.569444444444	0	0.0472222222222
0.0           	0	0.0
0.1           	4	0.0
0.0           	1	0.0
0.0           	2	0.0
0.0           	2	0.0
0.75          	2	-0.55
0.0           	0	0.0
0.75          	1	0.05
0.377272727273	1	0.568181818182
0.2           	2	0.48828125
0.25          	4	-0.0625
0.625         	1	0.5
0.0           	1	0.0
0.608333333333	1	-0.266666666667
0.0           	1	0.0
0.0           	2	0.0
0.0           	6	0.0
0.5           	0	0.5
0.533333333333	2	0.4
0.0           	2	0.0
0.683333333333	1	-0.0958333333333
0.75          	1	0.8
0.613333333333	5	0.0533333333333
0.0           	2	0.0
0.0           	2	0.0
0.0           	0	0.0
0.0           	2	0.0
0.0           	4	0.0
0.642857142857	1	0.214285714286
0.8           	5	-0.7
0.0           	1	0.0
0.0           	0	0.0
0.5           	1	0.25
0.0           	3	0.0
0.272222222222	1	-0.0138888888889
0.0           	2	0.0
0.9           	0	0.8
1.0           	1	0.0
0.725         	0	0.0708333333333
0.888888888889	3	0.5
0.0           	2	0.0
0.4           	0	0.2
0.51875       	1	-0.24375
0.3375        	3	0.1625
0.883333333333	0	-0.283333333333
0.65          	1	-0.05
0.516666666667	1	0.385
0.52962962963 	0	0.148148148148
0.833333333333	5	-0.15
0.25          	1	0.25
0.0           	1	0.0
0.0           	2	0.0
0.6           	1	-0.325
1.0           	3	0.85
0.7           	0	-0.5
1.0           	4	-0.6
0.7           	3	-0.290625
0.604166666667	0	-0.0416666666667
0.4375        	0	0.1875
0.3           	3	1.0
0.6           	3	0.275
0.466666666667	3	-0.0833333333333
0.0           	2	0.0
1.0           	0	0.25
0.0           	0	0.0
0.0           	1	0.0
0.0           	0	0.0
0.9           	1	-0.5
0.533333333333	4	-0.35
0.5           	4	0.4
0.0           	2	0.0
0.6           	0	-0.3
0.5           	1	0.5
0.05          	0	-0.2
0.0           	0	0.0
0.54          	2	0.16
0.0           	0	0.0
0.0           	1	0.0
0.533333333333	1	-0.25
0.0           	0	0.0
0.9           	1	-0.8
0.4           	1	-0.4
0.0           	0	0.0
0.0           	2	0.0
0.0           	1	0.0
0.45          	0	0.3
0.5           	0	0.5
0.0           	3	0.0
0.845238095238	4	0.428571428571
0.0           	1	0.0
0.0           	0	0.0
0.3           	0	0.2
0.6           	1	0.7
0.0           	0	0.0
0.69212962963 	0	-0.0208333333333
0.0           	3	0.0
0.2           	0	0.2
0.0           	0	0.0
0.0           	0	0.0
0.25          	3	0.0
0.616666666667	0	0.575
0.6           	0	0.5
0.541666666667	2	-0.291666666667
0.5           	0	0.5
0.0           	3	0.0
0.0           	2	0.0
0.25          	0	0.25
0.0           	0	0.0
1.0           	4	-0.125
0.82962962963 	3	-0.233333333333
0.533333333333	8	0.433333333333
0.9           	2	-0.8
0.4           	0	0.2
0.45          	2	-0.1
0.0           	1	0.0
1.0           	1	1.0
0.022222222222	5	-0.0666666666667
0.1           	0	-0.2
0.2           	0	-0.025
0.0           	2	0.0
0.0           	0	0.0
1.0           	2	0.0
0.8           	1	-0.2
0.0           	2	0.0
0.0           	2	0.0
0.3           	1	0.2
1.0           	2	-0.5
0.0           	0	0.0
0.0           	3	0.0
0.391666666667	2	0.233333333333
0.1           	0	0.0
0.2           	2	0.015625
0.55          	1	0.1
0.75          	1	0.20625
1.0           	1	0.5
0.357142857143	1	-0.214285714286
0.0           	0	0.0
0.0           	2	0.0
0.85          	1	-0.45
0.6           	2	0.35
0.45          	3	-0.3
0.0           	2	0.0
0.466666666667	1	0.166666666667
0.45          	0	0.3
0.9           	0	-0.5
0.65          	0	0.35
0.0           	0	0.0
0.45          	1	-0.2
0.0           	2	0.0
0.3           	1	0.2
0.2           	0	0.2
0.0           	2	0.0
0.0           	2	0.0
1.0           	1	0.25
0.6           	1	0.75
0.2           	2	0.6103515625
0.05          	4	-0.2
0.5           	0	0.5
0.0           	0	0.0
0.0           	5	0.0
0.3           	1	1.0
0.0           	3	0.0
0.65          	1	0.35
0.0           	4	0.0
0.0           	5	0.0
0.0           	0	0.0
0.0           	5	0.0
0.8           	2	-0.2
0.0           	1	0.0
0.75          	1	-0.0625
0.366666666667	0	0.166666666667
0.0           	3	0.0
0.0           	0	0.0
0.0           	0	0.0
0.0           	1	0.0
0.35          	2	0.35
0.7           	1	0.0666666666667
0.0           	2	0.0
0.554166666667	2	0.154166666667
0.244444444444	0	0.216666666667
1.0           	0	0.0
0.0           	0	0.0
0.3           	0	0.4
0.5           	0	0.2
1.0           	1	-0.5
0.466666666667	1	0.166666666667
0.0           	1	0.0
0.2           	2	0.3
0.333333333333	0	0.0
0.666666666667	0	-0.333333333333
0.4375        	0	0.1875
0.0           	0	0.0
0.25          	0	-0.2
0.0           	0	0.0
0.53          	3	0.05
0.0           	0	0.0
0.0           	0	0.0
0.0           	3	0.0
1.0           	2	0.25
1.0           	0	-0.25
0.0           	0	0.0
0.0           	1	0.0
0.0           	1	0.0
0.0           	0	0.0
0.0           	2	0.0
0.5           	0	0.266666666667
0.454545454545	0	0.136363636364
0.7           	1	-0.3
0.0           	2	0.0
1.0           	0	-0.5
0.394444444444	2	0.172222222222
0.2           	1	0.2
0.25          	1	0.03125
0.133333333333	1	0.1
0.1           	4	0.1
0.394444444444	0	0.172222222222
0.288888888889	3	-0.155555555556
0.0           	0	0.0
0.4           	2	0.75
0.0           	2	0.0
0.0           	0	0.0
0.533333333333	1	0.425
0.535714285714	0	0.285714285714
0.0           	4	0.0
1.0           	1	1.0
0.9           	0	0.6
0.55          	2	-0.25
1.0           	2	0.0
0.7           	0	0.35
0.6           	0	0.7
0.0           	0	0.0
0.566666666667	1	0.566666666667
0.0           	2	0.0
0.666666666667	1	-0.7
0.0           	1	0.0
0.0           	1	0.0
0.8375        	2	0.10625
0.3           	2	-0.3
0.60119047619 	0	-0.207142857143
0.0           	1	0.0
0.5           	2	0.5
0.616666666667	2	0.116666666667
0.6           	0	0.875
0.4125        	2	0.4
0.0           	0	0.0
1.0           	3	0.0
0.0           	0	0.0
0.625         	3	0.65
0.0           	0	0.0
0.9           	1	-0.6
0.522222222222	3	-0.20625
0.866666666667	0	-0.5
0.0           	0	0.0
0.0           	0	0.0
0.0           	0	0.0
0.0           	2	0.0
0.0           	1	0.0
1.0           	2	-0.75
0.4           	2	0.3
0.5           	4	0.0
0.0           	0	0.0
0.0           	0	0.0
0.25          	4	0.15
0.322222222222	2	0.133333333333
0.0           	0	0.0
1.0           	0	0.0
0.394444444444	2	0.172222222222
0.0           	3	0.0
0.0           	0	0.0
0.75          	2	0.3
0.666666666667	0	-0.7
0.666666666667	4	-0.7
0.125         	2	0.0
0.0           	0	0.0
0.1           	0	0.09765625
0.5           	1	0.5
0.52962962963 	1	0.05
1.0           	0	0.5
1.0           	4	-1.0
0.0           	2	0.0
0.6           	2	0.7
0.75          	0	-0.6171875
0.572727272727	2	-0.0863636363636
0.0           	3	0.0
0.0           	1	0.0
0.625         	1	0.65
0.8           	2	-0.2
0.0           	2	0.0
0.583333333333	3	-0.6
0.0           	0	0.0
1.0           	2	-0.6
0.0           	1	0.0
0.0           	1	0.0
0.5875        	3	-0.3375
0.6           	0	0.5
0.683333333333	3	-0.557291666667
0.55          	0	-0.2
0.7           	1	0.8
0.648333333333	0	0.235
0.8           	0	-0.2
0.417857142857	0	0.642857142857
0.583333333333	5	-0.0833333333333
0.333333333333	0	0.25
0.6           	0	-0.3
0.513888888889	5	-0.208333333333
0.0           	1	0.0
0.0           	0	0.0
0.3           	2	0.1
0.75          	1	0.15625
0.666666666667	0	-0.7
1.0           	2	0.0
0.6           	0	0.35
1.0           	2	0.0
0.5           	1	0.5
0.666666666667	5	-0.7
0.1           	2	0.0
0.0           	1	0.0
0.0           	1	0.0
0.0           	1	0.0
0.55          	3	0.55
0.583333333333	0	-0.166666666667
0.9           	0	-0.8
0.5           	0	0.5
0.0           	0	0.0
0.473737373737	1	-0.143434343434
0.0           	0	0.0
0.666666666667	0	-0.333333333333
0.0           	3	0.0
0.0           	0	0.0
0.0           	1	0.0
0.0           	4	0.0
0.266666666667	2	-0.0833333333333
0.6           	0	-0.4
0.7125        	0	-0.1625
0.6           	1	0.5
1.0           	0	0.30517578125
0.517857142857	1	0.342857142857
0.0           	2	0.0
0.0           	3	0.0
0.133333333333	0	-0.104166666667
0.0           	0	0.0
0.55          	1	-0.55
1.0           	0	-0.5
0.0           	3	0.0
0.5           	1	0.625
0.0           	2	0.0
0.0           	0	0.0
0.0           	4	0.0
0.8           	1	0.4
0.0           	1	0.0
0.0           	1	0.0
0.0           	0	0.0
0.416666666667	0	0.416666666667
0.45          	0	0.3
0.875         	7	0.1
0.0           	2	0.0
0.0           	2	0.0
0.0           	4	0.0
0.0           	0	0.0
0.066666666666	1	0.0
0.0           	0	0.0
0.25          	4	0.166666666667
0.0           	0	0.0
0.5           	2	0.5
0.272222222222	1	-0.0138888888889
0.517857142857	1	0.142857142857
0.0           	1	0.0
0.0           	0	0.0
0.833333333333	0	0.416666666667
0.9           	1	0.4
0.625         	1	-0.375
1.0           	5	-1.0
0.066666666666	1	0.0
0.0           	1	0.0
0.6           	1	0.7
0.644444444444	0	0.222222222222
0.194444444444	0	-0.1
0.729166666667	2	0.416666666667
1.0           	0	-1.0
0.0           	2	0.0
0.3           	5	0.390625
1.0           	1	-0.5
0.7           	0	0.8
0.0           	1	0.0
0.844444444444	2	0.411111111111
0.413888888889	3	-0.0861111111111
0.0           	2	0.0
0.35          	5	0.0625
1.0           	1	0.0
0.5           	1	0.5
0.525         	0	0.3375
0.125         	0	0.0
0.541666666667	6	0.525
0.5625        	1	-0.4640625
0.0           	0	0.0
0.0           	0	0.0
0.9           	0	-0.8
0.355555555556	0	0.166666666667
0.0           	5	0.0
0.0           	1	0.0
0.6           	5	-0.3
0.0           	0	0.0
0.566666666667	1	0.3
0.0           	1	0.0
0.0           	3	0.0
0.033333333333	1	0.0
0.0           	1	0.0
0.4475        	1	-0.095
0.0           	2	0.0
0.0           	0	0.0
0.0           	3	0.0
0.0           	2	0.0
0.0           	0	0.0
0.0           	4	0.0
0.28          	4	-0.2
0.625         	0	0.0833333333333
0.0           	2	0.0
0.7           	1	-0.3
0.0           	1	0.0
0.375         	4	0.0333333333333
0.0           	0	0.0
0.58          	0	-0.213333333333
0.4           	0	0.2
0.7           	3	0.366666666667
0.0           	1	0.0
1.0           	3	-0.75
1.0           	2	0.5
0.888888888889	1	-0.25
0.0           	2	0.0
0.888888888889	1	0.625
0.0           	0	0.0
0.5           	1	0.05
0.944444444444	3	0.5
0.7           	2	0.35
0.7           	0	-0.05
0.0           	3	0.0
0.0           	0	0.0
1.0           	1	0.6
1.0           	1	0.6
0.466666666667	5	0.236111111111
0.5375        	3	0.3375
0.2           	3	0.2
0.45          	4	0.5
0.0           	1	0.0
0.0           	0	0.0
0.3           	1	0.186111111111
0.0           	3	0.0
0.8           	2	-0.3
0.3           	5	1.0
0.3875        	0	0.115625
0.0           	0	0.0
0.0           	0	0.0
0.0           	0	0.0
0.375         	3	0.0
0.0           	2	0.0
0.2           	0	0.2
0.75          	1	0.8
0.6           	0	0.7
0.75          	1	0.3
0.75          	2	-0.458333333333
0.5           	0	-0.4
0.0           	0	0.0
0.45          	2	-0.275
0.033333333333	2	-0.0666666666667
0.0           	0	0.0
0.0           	0	0.0
0.5           	1	0.5
0.533333333333	1	-0.25
0.3           	4	0.0
0.0           	1	0.0
0.41          	2	0.375
1.0           	1	0.0
0.648484848485	4	0.0424242424242
0.701388888889	3	-0.476388888889
1.0           	1	0.6
0.5           	0	0.308333333333
0.0           	1	0.0
0.0           	0	0.0
0.0           	1	0.0
0.7           	4	-0.433333333333
0.0           	3	0.0
0.752380952381	5	-0.438095238095
0.6           	1	-0.2
1.0           	0	0.0
0.0           	2	0.0
0.4           	0	0.4
0.0           	2	0.0
0.0           	2	0.0
0.0           	1	0.0
0.454545454545	1	0.136363636364
0.0           	1	0.0
0.2           	0	-0.25
0.522222222222	0	-0.311111111111
0.0           	1	0.0
0.288888888889	0	-0.155555555556
0.6           	0	0.7
0.0           	2	0.0
0.0           	0	0.0
0.133333333333	1	0.1
0.975         	3	0.55
0.8           	0	-0.2
0.0           	1	0.0
1.0           	0	0.1
0.0           	0	0.0
0.772222222222	4	0.3875
0.55          	1	0.25
0.3           	3	0.0
0.0           	1	0.0
0.535714285714	4	0.285714285714
0.5           	1	-0.25
0.3           	2	-0.3
0.668181818182	1	0.436189408736
0.666666666667	0	-0.333333333333
0.1           	0	0.0
1.0           	2	0.6
0.0           	1	0.0
0.75          	2	0.125
0.8           	2	0.15
0.506944444444	1	-0.125
0.4           	0	-0.4
0.0           	4	0.0
0.6           	0	0.579166666667
0.0           	0	0.0
0.0           	0	0.0
0.9           	1	0.45
0.833333333333	2	-0.408333333333
0.5           	3	0.5
0.25          	1	-0.25
0.9           	3	0.8
0.0           	0	0.0
0.267857142857	1	0.142857142857
0.552272727273	3	0.286931818182
0.0           	2	0.0
0.0           	0	0.0
1.0           	2	-0.275
0.2           	0	0.1
0.0           	1	0.0
0.570833333333	0	0.204166666667
0.0           	2	0.0
0.9           	2	-0.7
0.5           	2	0.0
0.6           	1	0.7
0.0           	2	0.0
0.583333333333	2	-0.166666666667
0.0           	1	0.0
0.1           	1	0.0
0.0           	0	0.0
0.0           	0	0.0
0.5           	3	0.5
1.0           	1	-0.5
1.0           	0	-0.5
0.0           	0	0.0
0.0           	5	0.0
0.4           	4	-0.05
0.05          	1	0.0
1.0           	3	-0.9375
0.0           	1	0.0
0.4           	1	-0.05
0.2           	2	0.3
0.666666666667	2	0.166666666667
0.4           	3	-0.4
0.0           	1	0.0
0.25          	2	0.25
0.0           	0	0.0
0.3           	3	-0.0333333333333
0.1           	4	0.0
0.0           	0	0.0
0.0           	0	0.0
0.0           	0	0.0
0.9           	1	-0.1
0.0           	0	0.0
0.508333333333	3	0.433333333333
0.0           	1	0.0
0.0           	2	0.0
0.467857142857	0	0.117857142857
0.0           	0	0.0
0.4           	3	0.2
0.0           	2	0.0
0.7           	1	0.8
0.7           	1	0.1375
0.416666666667	4	0.291666666667
0.0           	0	0.0
0.1           	1	0.0625
0.625         	4	0.0
0.4           	5	0.166666666667
0.944444444444	0	0.175
0.0           	0	0.0
0.9           	0	0.3
0.7           	0	-0.2
0.4           	2	0.25
0.75          	0	0.3
0.8           	2	0.466666666667
0.0           	1	0.0
0.0           	4	0.0
0.416666666667	3	0.144444444444
0.25          	0	-0.225
0.0           	2	0.0
0.7           	2	0.8
0.5           	2	0.5
0.0           	0	0.0
0.125         	1	0.0
0.75          	4	-0.05
0.6           	5	-1.38777878078e-17
0.125         	1	0.0
0.0           	0	0.0
0.4375        	0	0.1875
0.0           	2	0.0
0.233333333333	0	-0.15
0.303333333333	2	-0.00333333333333
0.433333333333	0	0.566666666667
0.95          	4	-0.65
0.767857142857	5	-0.357142857143
0.5           	1	0.5
0.0           	2	0.0
0.0           	2	0.0
0.2           	0	0.2
0.0           	0	0.0
0.0           	0	0.0
0.8           	1	-0.2
0.1           	1	0.0
0.0           	1	0.0
0.466666666667	2	0.333333333333
0.0           	1	0.0
0.944444444444	3	0.375
0.05          	1	0.0
0.0           	2	0.0
0.75          	1	0.3
0.0           	0	0.0
0.0           	3	0.0
1.0           	2	-0.6
0.1           	1	0.1
1.0           	2	0.5
0.333333333333	5	0.0111111111111
0.6875        	1	-0.3125
0.733333333333	5	-0.366666666667
0.478571428571	2	0.0285714285714
0.9           	2	0.6
0.9           	4	1.0
0.0           	2	0.0
0.0           	3	0.0
0.375         	1	-0.125
0.2           	2	0.2
0.0           	2	0.0
0.0           	1	0.0
0.0           	2	0.0
0.45          	0	0.4
0.0           	0	0.0
0.583333333333	1	0.0833333333333
0.535714285714	1	0.285714285714
0.75          	2	0.5
0.9           	2	0.6
0.133333333333	1	-0.233333333333
0.0           	0	0.0
0.2           	0	0.25
0.0           	0	0.0
0.0           	2	0.0
0.0           	2	0.0
0.75          	1	-0.05
0.0           	0	0.0
0.535714285714	2	0.285714285714
0.85          	0	0.25
0.6           	1	-0.4
0.5           	1	-0.1875
1.0           	2	-1.0
0.85          	0	0.25
0.7125        	2	-0.0625
0.2           	2	0.125
0.575         	2	0.325
0.233333333333	2	0.152777777778
1.0           	5	0.0
0.0           	4	0.0
0.25          	0	0.1
0.0           	2	0.0
0.625         	1	0.025
0.0           	3	0.0
0.0           	1	0.0
1.0           	4	-0.25
0.85          	4	0.025
1.0           	1	-0.6
0.0           	0	0.0
0.8           	0	-0.6
1.0           	2	0.6
0.0           	0	0.0
0.6           	1	0.875
0.820105820106	2	0.154761904762
0.594444444444	2	0.683333333333
0.5875        	1	-0.1625
0.0           	3	0.0
0.5           	1	0.5
0.45          	0	0.4125
0.0           	0	0.0
0.4           	1	0.2
0.6           	0	0.7
0.0           	2	0.0
0.0           	2	0.0
1.0           	3	-0.5
0.45          	2	-0.35
0.1           	2	-0.2
0.066666666666	2	-0.166666666667
0.0           	3	0.0
0.6           	0	0.7
0.32          	3	0.08
0.9           	0	-0.8
0.0           	1	0.0
0.5625        	1	0.2375
0.535714285714	0	0.285714285714
0.2           	2	-0.2
0.0           	1	0.0
0.333333333333	0	0.25
0.288888888889	5	-0.155555555556
1.0           	1	1.0
0.0           	2	0.0
0.825         	2	-0.254166666667
0.716666666667	2	-0.00277777777778
0.5           	0	0.0333333333333
0.425         	3	0.25
0.6           	8	0.7
0.666666666667	2	-0.333333333333
0.7           	3	0.316666666667
0.466666666667	0	-0.433333333333
0.0           	2	0.0
0.3125        	0	0.0
0.0           	1	0.0
0.122222222222	2	0.166666666667
1.0           	3	0.5
0.75          	1	0.283333333333
0.45          	1	0.425
0.0           	5	-0.05
0.4           	0	-0.3
0.0           	0	0.0
0.55          	1	0.05
0.0           	3	0.0
0.7           	0	0.8
0.6           	2	0.8
0.25          	1	0.25
0.783333333333	1	-0.75
0.566666666667	2	0.233333333333
0.6375        	2	-0.0375
0.0           	1	0.0
0.0           	1	0.0
0.0           	4	0.0
0.5           	2	-0.3
0.65          	3	0.166666666667
0.5           	2	-0.3
0.0           	5	0.0
0.0           	0	0.0
0.5           	2	-0.3
0.0           	3	0.0
0.633333333333	0	0.666666666667
0.25          	1	0.25
0.0           	6	0.0
0.0           	2	0.0
0.0           	2	0.0
0.2           	0	0.2
0.0           	1	0.0
0.2           	0	0.2
0.0           	0	0.0
0.2           	0	0.2
0.0           	3	0.0
0.0           	8	0.0
0.0           	0	0.0
0.4           	2	-0.2375
1.0           	0	-1.0
0.5           	3	-0.3
0.0           	4	0.0
0.0           	0	0.0
0.0           	3	0.0
1.0           	3	1.0
0.0           	1	0.0
0.0           	0	0.0
0.25          	0	0.25
0.74          	1	0.08
0.5           	0	-0.1875
0.7           	0	0.8
0.0           	1	0.0
0.0           	2	0.0
0.6           	0	-0.1
0.0           	0	0.0
1.0           	1	0.375
0.0           	0	0.0
0.5           	1	-0.1875
0.166666666667	1	-0.0333333333333
0.8           	2	0.6
0.5           	2	0.2
0.7           	2	0.625
0.234848484848	4	0.128787878788
0.0           	1	0.0
0.825         	0	-0.2125
0.234848484848	4	0.128787878788
0.5           	2	0.0
0.0           	0	0.0
0.5           	2	0.0666666666667
0.166666666667	2	0.125
0.717857142857	2	-0.257142857143
0.387070707071	3	0.0119823232323
0.0           	3	0.0
1.0           	1	0.0
0.125         	8	0.125
0.2           	4	0.2
0.0           	5	0.0
0.0           	3	0.0
1.0           	2	-0.5
0.0           	0	0.0
0.0           	2	0.0
0.5           	5	0.5
0.454545454545	4	0.136363636364
0.5           	1	0.0
0.54          	0	0.16
0.54          	0	0.16
0.6375        	0	0.425
0.234848484848	4	0.128787878788
0.125         	8	0.125
0.0           	0	0.0
0.25          	4	0.0
0.0           	0	0.0
0.65          	0	0.2
0.45          	1	-0.3
0.427777777778	3	0.133333333333
0.427777777778	3	0.133333333333
0.0           	0	0.0
0.716666666667	6	-0.204166666667
0.535714285714	0	0.285714285714
0.8           	1	-0.2
0.5           	1	0.0
0.6           	7	-0.133333333333
1.0           	0	0.0
0.2875        	4	0.0375
0.433333333333	0	0.1
0.0           	0	0.0
0.433333333333	0	0.1
0.166666666667	3	-0.166666666667
0.0           	0	0.0
0.0           	2	0.0
0.0           	0	0.0
1.0           	1	-0.5
0.454545454545	3	0.136363636364
0.0           	3	0.0
0.9           	2	0.3
0.288888888889	2	-0.155555555556
0.6           	2	0.2
0.75          	0	0.5
0.0           	0	0.0
0.0           	0	0.0
0.0           	1	0.0
0.0           	0	0.0
0.0           	0	0.0
0.6           	1	-0.133333333333
0.85          	0	-0.05
0.8           	0	0.25
0.85          	0	-0.05
0.6           	0	0.175
0.6           	0	0.175
0.0           	0	0.0
0.0           	0	0.0
0.4           	6	0.466666666667
0.0           	1	0.0
0.386904761905	1	-0.0297619047619
0.0           	0	0.1
0.2           	1	0.2
0.433333333333	4	-0.266666666667
0.255555555556	3	-0.00555555555556
0.644444444444	2	-0.0527777777778
0.7           	2	0.65
0.0           	0	0.0
0.2           	0	0.2
0.632142857143	1	-0.0964285714286
0.3           	0	0.1
0.289772727273	1	-0.0340909090909
1.0           	0	0.0
0.4           	2	-0.283333333333
0.8           	1	0.6
0.366666666667	1	0.1875
0.0           	1	0.0
0.65          	0	0.15
0.3           	0	0.2
0.0           	0	0.0
0.0           	0	0.0
0.0           	2	0.0
0.0           	2	0.0
0.857142857143	3	-0.714285714286
0.3           	5	-0.3
0.55          	0	0.35
0.0           	1	0.0
0.568181818182	5	0.378787878788
0.0           	1	0.0
0.533333333333	1	0.5
0.0           	0	0.0
0.0           	2	0.0
0.3           	6	0.1
1.0           	0	0.25
0.6           	1	0.4
0.2           	2	0.3
0.0           	4	0.0
0.8           	1	-0.8
0.0           	2	0.0
0.5           	3	-0.375
0.644444444444	0	0.0472222222222
0.0           	3	0.0
0.0           	2	0.0
0.577272727273	1	0.268181818182
0.0           	2	0.0
0.4           	4	-0.3
0.475         	2	0.05
0.0           	3	0.0
0.475         	2	0.05
0.75          	3	0.0
0.683333333333	7	0.0
0.0           	0	0.0
0.0           	0	0.0
0.0           	3	0.0
0.733333333333	2	-0.15
0.833333333333	3	0.0833333333333
0.833333333333	0	0.0166666666667
0.0           	0	0.0
0.0           	0	0.0
0.0           	0	0.0
0.0           	2	0.0
0.591666666667	4	-0.2140625
0.325         	2	0.075
0.602777777778	3	-0.0388888888889
0.0           	0	0.0
0.0           	0	0.0
0.262962962963	3	0.348148148148
0.501136363636	2	0.180113636364
0.0           	0	0.0
1.0           	0	0.5
0.0           	4	0.0
1.0           	0	-1.0
0.3           	2	0.2
0.7           	2	0.025
0.1875        	2	-0.0625
0.0           	5	0.0
0.0           	1	0.0
0.0           	0	0.0
0.0           	1	0.0
0.4           	0	-0.4
0.6           	0	0.1
0.2           	0	0.2
0.5           	1	0.5
0.6           	3	0.2
0.52          	3	0.205
0.7           	0	0.8
0.7           	0	0.8
0.375         	1	-0.125
0.0           	0	0.0
0.616666666667	0	0.525
0.125         	1	0.0
0.6           	1	0.625
0.6           	1	0.625
0.733333333333	6	0.433333333333
0.708333333333	1	0.0340909090909
0.25          	2	0.25
0.75          	1	-0.05
0.291666666667	5	0.15
1.0           	0	-0.5
0.55          	2	0.0541666666667
0.0           	3	0.0
0.0           	1	0.0
0.0           	1	0.0
0.0           	0	0.0
0.0           	3	0.0
1.0           	0	0.78125
0.0           	1	0.0
0.288888888889	1	-0.155555555556
0.0           	2	0.0
0.0           	2	0.0
0.6           	1	-0.3
0.0           	1	0.0
0.433333333333	5	0.1
0.0           	0	0.0
0.0           	0	0.0
0.0           	0	0.0
1.0           	1	0.05
1.0           	2	0.4
0.433333333333	1	0.216666666667
0.2           	0	0.1
0.75          	4	1.0
0.833333333333	3	0.433333333333
1.0           	2	1.0
0.3           	1	0.2
0.95          	3	-0.6
0.0           	1	0.0
0.55          	0	0.35
0.2           	0	-0.1
0.928571428571	2	-0.857142857143
0.0           	1	0.0
0.0           	1	0.0
0.85          	1	0.4
0.819047619048	4	-0.271428571429
0.5           	2	0.333333333333
0.833333333333	2	-0.725
0.819047619048	4	-0.271428571429
0.85          	4	0.45
0.666666666667	2	-0.7
0.6           	1	-0.4
0.0           	2	0.0
0.0           	1	0.0
0.0           	1	0.0
0.616666666667	0	0.525
0.583333333333	3	-0.0833333333333
0.45          	3	0.225
0.7           	1	0.025
0.0           	3	0.0
0.5           	3	0.25
0.0           	2	0.0
0.0           	0	0.0
0.0           	2	0.0
0.2           	0	0.5859375
0.0           	0	0.0
0.583333333333	1	0.329166666667
0.066666666666	2	0.0
0.375         	1	0.125
0.0           	7	0.0
0.658333333333	2	0.025
1.0           	0	-0.5
0.0           	6	0.0
0.866666666667	0	-0.633333333333
0.43          	1	0.343333333333
0.8           	3	-0.2
0.0           	2	0.0
0.7           	1	0.8
0.85          	3	0.7
0.166666666667	4	-0.166666666667
0.0           	1	0.0
0.7           	1	0.55
0.2           	5	0.0
0.0           	2	0.0
0.0           	2	0.0
0.0           	1	0.0
0.794871794872	2	0.236485042735
0.8           	7	-0.50625
0.75          	3	0.8
0.825         	2	-0.3
0.0           	0	0.0
0.0           	2	0.0
0.95          	3	-0.65
0.466666666667	4	0.0333333333333
0.2           	4	0.0
0.3           	1	-0.5
0.466666666667	4	0.0333333333333
1.0           	3	0.0
0.916666666667	3	0.55
0.0           	0	0.0
0.577777777778	0	-0.0962962962963
0.725         	1	-0.256944444444
1.0           	4	-0.5
0.6           	4	0.5
0.716666666667	7	0.491666666667
0.288888888889	0	-0.155555555556
0.0           	1	0.0
0.4           	2	-0.5
0.5           	2	0.1
0.725         	2	-0.075
0.0           	3	0.0
0.0           	1	0.0
0.0           	2	0.0
0.8           	1	-0.25
0.7           	2	1.0
0.5           	1	0.0
0.4           	2	0.6
0.535714285714	1	0.285714285714
0.333333333333	3	0.25
0.0           	1	0.0
0.755555555556	0	-0.127777777778
0.535714285714	3	0.285714285714
0.755555555556	0	-0.190277777778
0.458333333333	1	0.0666666666667
0.455357142857	0	0.0803571428571
0.0           	0	0.0
0.0           	0	0.0
0.3           	2	0.0
0.0           	1	0.0
0.5           	1	0.2
0.5           	3	0.5
0.0           	7	0.0
0.13125       	8	0.025
0.727272727273	5	0.0681818181818
0.5           	1	-0.333333333333
0.369444444444	2	0.108333333333
0.2           	0	0.2
1.0           	1	-0.5
0.0625        	3	0.0
0.372727272727	3	0.238636363636
0.4           	2	-0.05
0.0           	2	0.0
0.0           	1	0.0
0.85          	0	0.1
0.75          	1	0.3
0.75          	1	0.3
0.75          	1	0.3
0.571428571429	2	0.357142857143
0.0           	0	0.0
0.6           	2	0.625
0.544444444444	0	-0.177777777778
0.5           	7	0.1
1.0           	3	0.25
0.6875        	3	-0.3125
0.5           	0	0.0625
1.0           	2	0.2
0.5           	2	0.46875
0.5           	2	0.46875
0.0           	1	0.0
0.0           	0	0.0
1.0           	1	0.625
0.781944444444	6	-0.179166666667
0.675         	1	-0.225
0.888888888889	0	-0.25
0.0           	0	0.0
0.3           	1	0.55
0.0           	0	0.0
0.9           	1	-0.8
1.0           	2	0.05
0.0           	0	0.0
0.0           	4	0.0
0.6           	1	0.5
0.383333333333	2	0.4
0.3           	1	0.0333333333333
0.730158730159	6	-0.186507936508
1.0           	0	0.9
0.1           	2	0.1
0.0           	0	0.0
0.525         	4	0.5
0.375         	3	-0.125
0.75          	1	1.0
0.2           	0	0.2
0.525         	1	0.5
0.4175        	1	-0.1425
0.0           	1	0.0
0.411111111111	2	0.583333333333
0.6           	2	-0.166666666667
0.45          	2	0.05
0.4           	2	0.2375
0.5           	2	0.5
0.447222222222	3	0.166666666667
0.0           	1	0.0
0.0           	0	0.0
0.604166666667	2	-0.495833333333
0.5           	2	0.25
0.0           	1	0.0
1.0           	8	-0.5
1.0           	1	-0.75
0.0           	4	0.0
0.45          	2	0.1
0.383333333333	6	-0.2
0.375         	3	0.125
1.0           	0	0.8
0.858333333333	0	0.0166666666667
0.266666666667	7	0.133333333333
0.0           	1	0.0
0.0           	1	0.0
0.0           	2	0.0
0.5           	1	0.18
0.65          	3	-0.175
0.4           	3	0.0
0.4           	4	-0.3
0.8           	2	-0.2
0.386666666667	1	0.143333333333
0.0           	2	0.0
0.5           	4	0.104166666667
0.9           	2	0.6
0.9           	2	0.6
0.6           	2	0.5
0.283928571429	1	0.102678571429
0.2           	2	-0.025
0.041666666666	4	0.05
1.0           	0	0.05
0.666666666667	4	-0.133333333333
0.5           	4	0.104166666667
0.0           	5	0.0
0.9           	1	0.7
0.0           	1	0.0
0.75          	6	0.1
0.6           	1	-0.15
0.6           	2	0.0
0.572222222222	6	0.0333333333333
0.0           	3	0.0
0.0           	4	0.0
0.3875        	1	0.24375
1.0           	0	-0.5
0.25          	3	0.0
0.5           	3	0.5
0.25          	0	-0.48828125
0.0           	0	0.0
0.383333333333	2	-0.3
0.0           	1	0.0
0.0           	2	0.0
0.0           	1	0.0
0.5           	3	0.2
0.5           	6	0.0625
0.0           	2	0.0
0.0           	0	0.0
0.0           	3	0.0
0.0           	3	0.0
0.7           	0	0.8
0.0           	4	0.0
0.95          	6	-0.2
0.0           	2	0.0
0.454545454545	0	0.136363636364
0.1           	2	0.0
0.5           	2	0.5
1.0           	2	0.4
0.1           	2	0.0
0.7           	3	0.8
0.7375        	3	0.54375
0.0           	1	0.0
0.0           	2	0.0
0.0           	2	0.0
0.1           	2	0.0
0.8           	2	0.7
0.0           	1	0.0
0.6875        	2	-0.3125
0.0           	4	0.0
0.4           	1	-0.3
0.1           	2	0.0
0.418181818182	5	-0.221212121212
0.0           	0	0.0
0.433333333333	6	-0.35
0.5           	2	0.116666666667
0.5           	2	0.5
0.0           	0	0.0
0.0           	5	0.0
0.1           	2	0.0
0.694444444444	1	0.125
0.65          	5	-0.375
0.0           	3	0.0
1.0           	1	0.6
0.15          	0	0.1
0.0           	0	0.0
0.0           	8	0.0
0.9           	2	0.6
0.0           	3	0.0
0.7           	2	0.0
0.1           	2	0.0
1.0           	0	0.25
0.0           	4	0.0
0.45          	1	0.85
0.2           	3	-0.4
0.528571428571	3	-0.544642857143
0.322222222222	1	0.366666666667
0.9           	2	0.6
0.460909090909	1	0.0672727272727
0.351388888889	1	0.00876736111111
0.0           	1	0.0
0.0           	2	0.0
0.380476190476	3	-0.0385714285714
0.0           	1	0.0
0.483333333333	1	0.2
0.775         	1	-0.2
0.4           	3	0.1
0.2           	1	-0.025
0.1           	2	0.0
0.0           	0	0.0
0.666666666667	8	-0.7
0.0           	7	0.0
0.0           	7	0.0
0.0           	7	0.0
0.0           	7	0.0
0.0           	1	0.0
1.0           	0	0.75
0.1           	3	0.0
0.3           	0	-0.5
0.65          	2	-0.4375
0.45          	3	-0.03125
0.1           	2	0.0
0.0           	7	0.0
0.635         	7	0.301666666667
0.0           	7	0.0
0.0           	0	0.0
0.944444444444	3	0.375
0.0           	0	0.0
0.0           	1	0.0
0.0           	2	0.0
1.0           	3	0.5
0.288888888889	3	-0.155555555556
0.0           	2	0.0
0.7           	1	0.55
0.0           	0	0.0
0.3           	1	-0.5
0.1           	0	0.0
0.9           	1	-1.0
0.85          	1	0.15
0.6           	0	-0.35
0.0           	0	0.0
0.0           	0	0.0
0.6           	1	0.4
0.0           	3	0.0
0.25          	0	-0.2
0.0           	4	0.0
0.95          	7	-0.433333333333
0.0           	1	0.0
0.0           	2	0.0
0.783333333333	0	0.025
0.9           	2	-0.6
0.75          	2	0.35
0.2           	2	0.2
0.2           	2	0.3
0.2           	3	0.2
0.0           	1	0.0
0.45          	2	0.0
0.888888888889	2	0.5
1.0           	6	0.0
0.7           	2	-0.6
0.35          	3	0.3
1.0           	2	0.55
0.25          	2	-0.025
0.8           	3	0.45
1.0           	1	0.0
0.0           	0	0.0
0.2           	2	0.390625
0.0           	4	0.0
0.0           	3	0.0
0.366666666667	2	-0.233333333333
0.144444444444	1	-0.0777777777778
0.694444444444	1	0.5625
0.9           	4	-0.3
1.0           	1	0.6
0.666666666667	3	-0.333333333333
0.594444444444	0	0.35
0.0           	1	0.0
0.0           	2	-0.2
0.0           	2	0.0
0.0           	0	0.0
0.4           	5	-0.2
0.9           	1	-0.6
0.4           	5	-0.2
0.0           	0	0.0
0.454545454545	0	0.332919034091
0.6           	0	0.5
0.9           	1	-0.8
0.5           	4	-0.1
0.144444444444	1	-0.0777777777778
0.0           	1	-0.1
0.144444444444	1	-0.0777777777778
0.4           	2	-0.3
0.0           	1	0.0
0.4           	2	-0.3
0.816666666667	2	-0.10625
0.6125        	3	0.4875
1.0           	0	-1.0
0.35          	4	-0.1
0.35          	4	-0.1
0.3           	1	-0.3
0.533333333333	2	0.316666666667
0.0           	3	0.0
0.0           	0	0.0
0.666666666667	2	-0.7
0.8           	2	-0.45
0.5           	4	0.75
0.125         	2	0.0
0.083333333333	3	0.0
0.35          	4	-0.1
1.0           	2	0.1
0.0           	1	0.0
0.0           	1	0.0
0.327272727273	6	0.118181818182
0.35          	4	-0.1
0.0           	1	0.0
0.0           	0	0.0
0.333333333333	1	-0.166666666667
0.258333333333	4	-0.225
0.0           	2	0.0
0.0           	0	0.0
0.888888888889	2	0.5
0.0           	1	0.0
0.4           	0	-0.3
0.2375        	6	-0.0625
0.0           	3	0.0
0.7           	0	0.8
1.0           	6	0.0
0.0           	1	0.0
0.0           	2	0.0
1.0           	1	0.6
0.616666666667	0	0.408333333333
0.0           	3	0.0
0.4375        	0	0.1875
0.0           	3	0.0
0.0           	2	0.0
0.0           	3	0.0
0.0           	1	0.0
0.35          	2	-0.2
0.55          	2	0.45
0.751515151515	1	-0.426515151515
0.0           	0	0.0
0.75          	1	0.1
0.0           	2	0.0
0.57          	5	0.0466666666667
0.0           	1	0.0
0.0           	0	0.0
0.6           	1	0.35
0.9           	6	0.0
0.575         	2	0.7
0.533333333333	3	-0.266666666667
0.65          	2	-0.4
0.0           	0	0.0
0.0           	0	0.0
0.0           	0	0.0
0.65          	3	-0.05
0.4           	1	-0.1
0.0           	3	0.0
0.0           	1	0.0
0.0           	5	0.0
0.0           	1	0.0
0.0           	0	0.0
0.0           	7	0.0
0.6875        	2	0.0625
0.0           	2	0.0
0.0           	0	0.0
0.0           	4	0.0
0.6           	2	-0.3
0.9           	1	0.1
0.584848484848	3	-0.221212121212
0.8           	4	-0.2
0.0           	1	0.1
0.222222222222	1	-0.0388888888889
0.9           	2	-0.8
0.777777777778	3	0.3125
1.0           	2	-1.0
0.0           	1	0.0
0.525         	1	0.1
1.0           	3	1.0
0.2           	2	-0.2
0.0           	5	0.0
1.0           	0	0.25
0.0           	5	0.0
0.1           	2	0.3
0.0           	2	0.0
0.0           	0	0.0
0.0           	0	0.0
0.6           	1	0.5
0.0           	0	0.0
0.888888888889	2	0.625
0.627272727273	2	0.318181818182
0.0           	0	0.0
0.0           	2	0.0
0.784848484848	4	0.328787878788
0.4           	0	0.45
0.0           	2	0.0
0.1           	3	0.0
0.0           	0	0.0
0.6           	1	0.15
0.6           	2	-0.4
0.0           	2	0.0
0.0           	2	0.0
0.0           	2	0.0
0.4           	1	0.390625
0.438636363636	4	0.121590909091
0.45          	5	0.1
0.0           	0	0.0
0.0           	1	0.0
1.0           	1	0.8
0.25          	0	0.25
0.65          	2	-0.640625
0.466666666667	2	-0.0333333333333
0.0           	1	0.0
0.583333333333	4	-0.2
0.0           	1	0.0
0.45          	5	0.1
0.3           	2	0.25
0.0           	0	0.0
0.6           	2	0.0
0.825         	1	0.4
0.5           	4	0.0
0.288888888889	3	-0.155555555556
0.0           	0	0.0
0.0           	1	0.0
0.0           	5	0.0
0.4           	3	0.2
0.45          	5	0.1
0.0           	0	0.0
0.466666666667	0	-0.0833333333333
0.35          	4	-0.1
0.833333333333	2	3.70074341542e-17
0.1           	1	-0.2
0.0           	1	0.0
0.4           	2	0.130208333333
0.3           	1	1.0
0.625         	0	0.5
0.375         	1	-0.125
0.9           	0	0.4
0.0           	0	0.0
0.0           	2	0.0
0.75          	2	0.8
0.066666666666	3	0.0
0.5           	4	0.5
0.466666666667	0	0.475
0.388888888889	3	-0.205555555556
0.0           	1	0.0
0.6           	1	-0.1
0.8           	1	0.0
1.0           	1	-1.0
0.3           	5	0.325
0.0           	1	0.0
1.0           	2	0.65625
0.515         	2	0.32
0.617857142857	1	0.342857142857
0.288888888889	2	-0.155555555556
0.9           	1	-0.8
0.0           	1	0.0
0.416666666667	1	0.55
0.54          	1	0.16
0.57          	2	-0.02
0.75          	2	0.516666666667
0.6           	5	0.7
0.0           	2	0.0
0.1           	2	0.0
0.0           	3	0.0
0.833333333333	1	0.255555555556
0.4           	2	0.1
0.5           	4	0.5
0.6           	6	0.5
0.5           	3	0.5
0.785714285714	1	0.232142857143
0.888888888889	2	0.0166666666667
0.616666666667	2	-0.5
0.433333333333	5	-0.0444444444444
0.0           	4	0.0
0.760634920635	5	-0.335714285714
0.0           	1	0.0
0.4375        	0	0.1875
1.0           	0	-0.5
0.1           	5	0.0
0.5           	3	-0.25
0.0           	1	0.0
0.0           	1	0.0
0.1           	5	0.0
0.75          	1	-0.25
1.0           	3	1.0
0.0           	1	0.0
0.0           	1	0.0
0.473737373737	3	0.223232323232
0.0           	3	0.0
0.25          	5	0.0
0.0           	0	0.0
0.325         	4	-0.0416666666667
0.3           	3	0.1
0.333333333333	3	0.25
0.9           	3	0.6
0.944444444444	2	-0.125
0.5           	1	0.25
0.0           	1	0.0
0.0           	3	0.0
0.233333333333	1	-0.166666666667
0.0           	1	0.0
0.283333333333	0	-0.108333333333
0.2           	7	0.0
1.0           	0	1.0
0.65          	3	0.05
0.75          	3	0.0
0.0           	0	0.0
0.55          	3	-0.075
0.0           	2	0.0
0.0           	0	0.0
0.0           	0	0.0
0.0           	3	0.0
0.535714285714	0	0.357142857143
0.0           	0	0.0
0.0           	2	0.0
0.5           	4	0.78125
0.0           	1	0.0
0.0           	0	0.0
0.0           	0	0.0
0.0           	3	0.0
0.033333333333	4	-0.0666666666667
0.625         	5	0.0416666666667
0.0           	2	0.0
0.562962962963	4	0.268518518519
0.648677248677	4	-0.288095238095
0.683333333333	2	0.2
0.533333333333	0	0.25
0.5125        	1	0.1125
0.0           	0	0.0
0.833333333333	4	0.166666666667
0.767857142857	2	-0.357142857143
1.0           	2	0.0
0.566666666667	4	0.666666666667
0.0           	3	0.0
0.1           	0	0.0
1.0           	3	0.275
1.0           	0	0.5
0.0           	0	0.0
0.9           	1	0.5
0.5           	1	0.125
0.9           	0	-0.8
0.0           	0	0.0
0.427777777778	0	0.233333333333
0.0           	4	0.0
0.739153439153	0	0.438095238095
0.454545454545	1	0.136363636364
0.0           	3	0.0
0.866666666667	2	0.333333333333
0.0           	3	0.0
0.25          	1	0.25
0.477272727273	2	0.397727272727
0.9           	0	-0.5
0.75          	1	0.125
0.2           	0	0.2
0.8           	1	-0.4
0.3           	5	0.0333333333333
0.6           	0	-0.3
0.25          	1	0.25
0.8           	1	0.35
0.5           	0	0.0
0.0           	0	0.0
0.5           	2	0.5
0.233333333333	3	0.0666666666667
0.0           	3	0.0
0.433333333333	1	-0.25
0.458333333333	5	-0.0416666666667
0.0           	1	0.0
0.833333333333	2	-0.133333333333
0.0           	0	0.0
0.0           	3	0.0
0.0           	0	0.0
0.0           	0	0.0
0.0           	1	0.0
0.65          	1	0.0
0.725         	1	0.5
0.6           	6	0.7
0.1           	4	0.0
0.311111111111	5	0.316666666667
1.0           	1	-0.6
0.2           	2	0.2
0.0           	1	0.0
0.0           	3	0.0
0.0           	0	0.0
0.55          	3	-0.6
0.75          	3	0.75
0.65          	4	0.35
1.0           	0	0.1
1.0           	1	-0.6
0.0           	2	0.0
0.333333333333	0	0.166666666667
0.25          	5	0.0
0.7           	2	0.4
0.0           	4	0.0
0.0           	3	0.0
0.366666666667	4	0.183333333333
0.441666666667	3	0.408333333333
0.05          	3	0.0
0.95          	1	-0.55
0.4           	1	0.4
1.0           	3	0.9375
0.0           	1	0.0
0.725         	2	0.625
0.5           	3	0.5
0.0           	1	0.0
0.6           	3	0.0
0.555555555556	3	0.316666666667
0.333333333333	2	-0.1
0.0           	1	0.0
0.5           	1	0.5
0.9           	3	0.6
0.535714285714	0	0.285714285714
0.55          	0	0.05
0.310416666667	2	-0.10625
0.527777777778	1	0.347222222222
0.783333333333	2	-0.7
0.0           	0	0.0
0.0           	0	0.0
0.0           	2	0.0
1.0           	1	-0.75
0.0           	1	0.0
0.9           	3	0.6
0.0           	2	0.0
0.0           	4	0.0
0.711111111111	1	0.677777777778
0.5           	4	0.5
0.066666666666	4	0.0
0.454545454545	2	0.136363636364
0.0           	3	0.0
0.383333333333	1	0.116666666667
0.375         	4	-0.125
0.0           	0	0.0
0.0           	0	0.0
0.0           	0	0.0
0.75          	3	-0.09375
0.533333333333	3	-0.583333333333
0.408333333333	2	0.416666666667
0.4           	1	0.2
0.7           	1	0.8
0.5           	1	0.5
0.0           	0	0.0
0.0           	0	0.0
0.645238095238	1	-0.138095238095
0.875         	5	-0.125
0.0           	0	0.0
0.519444444444	3	0.322222222222
0.95          	0	-0.775
0.0           	0	0.0
1.0           	1	0.25
0.0           	1	0.0
0.454545454545	2	0.136363636364
0.6           	4	0.36875
0.414772727273	2	0.00568181818182
0.0           	1	0.0
0.375         	1	0.0833333333333
0.966666666667	1	0.533333333333
0.414772727273	2	0.00568181818182
0.9           	0	0.075
0.2           	3	0.2
0.35          	2	0.25625
0.35          	2	0.25625
0.0           	1	0.0
0.0           	1	0.0
0.45          	0	0.166666666667
0.3           	7	-0.1
0.0           	2	0.0
0.066666666666	2	0.0
0.5           	1	0.25
0.621333333333	0	-0.261333333333
0.5           	2	0.5
0.535714285714	1	0.285714285714
0.6           	0	-0.4
0.5           	2	0.5
0.325         	1	-0.2
0.65          	3	0.55
0.606666666667	1	0.343333333333
0.20404040404 	2	0.0757575757576
0.0           	0	0.0
0.752380952381	6	-0.438095238095
0.6           	4	0.7
0.166666666667	3	-0.166666666667
0.333333333333	1	0.0333333333333
0.0           	0	0.0
0.0           	3	0.0
0.6           	2	1.0
0.25          	2	0.0
1.0           	2	0.0
0.95          	4	0.6
0.45          	1	0.4
0.325         	2	0.15
1.0           	2	-1.0
0.0           	1	0.0
0.6           	3	-0.4
1.0           	4	-0.416666666667
0.066666666666	1	0.0
0.75          	1	0.25
0.0           	1	0.0
0.0           	1	0.0
0.255555555556	0	0.233333333333
0.0           	6	0.0
0.283333333333	2	0.116666666667
1.0           	0	-0.5
0.0           	3	0.0
1.0           	1	0.5
0.6           	2	-0.4
0.0           	6	0.0
0.6           	1	0.5453125
0.1           	0	0.0
0.0           	8	0.0
0.85          	4	-0.0697916666667
0.9           	8	-0.6
0.6           	2	-0.142857142857
0.0           	0	0.0
0.0           	2	0.0
0.0           	2	0.0
0.683333333333	3	-0.55
0.0           	0	0.0
0.0           	2	0.0
0.55          	3	0.15
0.0           	0	0.0
0.454545454545	6	0.136363636364
0.0           	0	0.0
0.0           	6	0.0
0.7           	5	-0.483333333333
0.55          	1	0.2
0.0           	3	0.0
0.9           	0	0.4
0.6           	2	-0.4
0.716666666667	8	0.416666666667
0.54          	2	0.16
0.54          	2	0.16
0.30303030303 	4	0.0909090909091
0.777777777778	1	0.577777777778
0.0           	2	0.0
0.9           	2	0.6
0.333333333333	1	0.166666666667
0.367857142857	6	0.267857142857
0.0           	3	0.0
0.9           	3	0.6
0.75          	5	0.5
0.5           	4	-0.166666666667
0.5           	2	0.5
0.25          	1	0.390625
0.55          	4	0.4
0.0           	1	0.0
0.0           	0	0.0
1.0           	1	0.0
0.416666666667	3	0.375
1.0           	2	-0.625
0.5           	4	0.25
0.288888888889	5	-0.155555555556
1.0           	4	-0.8
0.0           	1	0.0
0.7           	3	-0.2
0.0           	4	0.0
0.35          	2	-0.025
0.9           	3	0.625
0.333333333333	8	0.0
0.3           	3	0.2
0.642857142857	4	0.214285714286
0.9           	3	0.8
0.775         	7	0.244140625
0.454545454545	3	0.136363636364
0.5           	5	0.416666666667
0.75          	1	0.0
0.4           	1	0.1
0.4           	1	0.1
1.0           	1	0.0
0.444444444444	3	-0.277777777778
0.6875        	2	0.4375
0.3           	4	0.1
0.4           	2	-0.233333333333
0.385714285714	4	-0.354761904762
0.7           	2	-0.05
0.5           	2	0.0
0.775         	7	0.125
0.9           	3	0.8
0.5           	1	0.433333333333
0.0           	3	0.0
0.5           	1	-0.3125
0.65          	4	0.4
0.663333333333	0	0.0666666666667
0.9           	3	0.8
0.05          	2	0.15
0.75          	3	-0.125
0.45          	4	-0.1
0.0           	0	0.0
0.9           	0	0.4
0.3           	3	0.0
0.857142857143	6	-1.0
0.444444444444	1	-0.125
0.5           	1	0.5625
0.0           	2	0.0
0.4           	3	-0.3
1.0           	0	0.0
0.1           	1	0.0
0.266666666667	2	0.108333333333
0.076923076923	0	0.0
0.5           	0	-0.29296875
0.541666666667	0	-0.291666666667
0.585714285714	1	0.221428571429
1.0           	2	-0.5
0.0           	2	0.0
0.9           	3	0.8
1.0           	5	-1.0
0.0           	1	0.0
1.0           	3	-0.25
0.875         	2	-0.625
0.0           	3	0.0
0.507070707071	3	-0.260101010101
0.541666666667	1	0.208333333333
1.0           	4	0.6
0.4           	3	0.0
0.7           	2	0.09375
1.0           	2	0.1
0.85          	5	0.25
0.258333333333	2	0.0916666666667
0.166666666667	1	-0.0333333333333
0.333333333333	7	0.166666666667
0.0           	1	0.0
0.3           	1	0.0
0.0           	1	0.0
0.0           	1	0.0
0.607407407407	0	-0.162962962963
0.0           	7	0.0
0.0           	2	0.0
0.4           	0	-0.3
0.522857142857	3	-0.0634523809524
0.0           	1	0.0
0.125         	1	-0.125
0.5           	1	0.5
0.0           	0	0.0
0.45          	3	0.35
0.05          	1	0.0
0.2           	2	0.2
1.0           	2	-1.0
0.0           	1	0.0
0.4           	2	0.0
0.85          	4	0.525
0.525         	3	0.425
0.45          	1	-0.075
0.4           	1	-0.05
0.5           	1	0.0625
0.454545454545	2	0.136363636364
0.0           	2	0.0
0.9           	1	-0.8
1.0           	4	-0.125
0.0           	0	0.0
0.6           	3	-0.4
0.0           	1	0.0
0.514155844156	3	0.0977272727273
0.642727272727	2	0.0977272727273
0.566666666667	3	-0.15
0.0           	3	0.0
0.0           	2	0.0
0.0           	2	0.0
1.0           	1	-0.5
0.0           	1	0.0
0.555555555556	3	0.1
0.466666666667	2	-0.0166666666667
0.45          	2	-0.2
0.6           	3	0.0
0.5           	1	0.5
0.8           	2	-0.6
0.370833333333	5	-0.0458333333333
0.4           	0	0.233333333333
0.55          	0	-0.2
0.0           	3	0.0
0.3           	3	0.1
0.8           	1	-0.6
0.6           	3	0.2
0.375         	4	-0.125
0.775         	2	0.675
0.75          	2	-0.175
0.325793650794	3	0.0535714285714
0.125         	1	0.0
0.0           	4	0.0
0.2           	1	0.2
0.8           	0	0.3
0.433333333333	2	0.216666666667
0.425         	1	0.125
0.0           	0	0.0
0.75          	1	-0.05
0.866666666667	3	-0.333333333333
0.7           	8	-0.05
0.9           	6	0.6
0.67962962963 	2	-0.201851851852
0.0           	3	0.0
0.427777777778	3	0.166666666667
0.066666666666	2	0.0
0.6           	0	-0.45
0.463333333333	4	0.216666666667
0.55          	1	-0.3
0.9           	6	0.6
0.6           	2	0.65
0.85          	2	0.25
0.575         	1	0.2375
0.566666666667	2	0.525
0.0           	1	0.0
0.5           	3	0.0625
1.0           	0	1.0
1.0           	3	0.85
0.183333333333	2	0.0208333333333
0.9           	3	0.8
0.0           	2	0.0
0.8           	3	-0.3125
0.233333333333	1	0.1220703125
0.65          	5	-0.4
0.0           	5	0.0
0.0           	0	0.0
0.633333333333	0	0.166666666667
0.633333333333	0	0.166666666667
0.683333333333	3	0.366666666667
0.45          	1	0.225
0.35          	0	0.00625
0.266666666667	1	-0.0666666666667
0.9           	3	0.8
0.4375        	0	0.1875
0.0           	0	0.0
0.7           	1	0.3125
0.0           	0	0.0
0.65          	3	0.35
0.0           	1	0.0
0.466666666667	0	0.116666666667
0.535714285714	3	0.285714285714
0.633333333333	2	0.0833333333333
0.5           	1	0.416666666667
0.75          	3	0.0
0.0           	1	0.0
0.616666666667	4	0.4
0.833333333333	1	0.633333333333
0.133333333333	6	-0.108333333333
0.133333333333	2	0.0166666666667
0.533333333333	1	0.283333333333
0.4           	2	0.0
0.0           	2	0.0
0.0           	3	0.0
0.65          	4	0.15
0.0           	2	0.0
0.25          	1	0.0
0.0           	0	0.0
0.0           	0	0.0
0.25          	0	0.25
0.0           	2	0.0
0.0           	2	0.0
0.0           	0	0.0
0.0           	2	0.0
0.5           	2	-0.25
0.0           	2	0.0
0.9           	3	0.8
0.5           	0	0.136363636364
0.166666666667	1	-0.208333333333
0.494444444444	1	-0.277777777778
0.458333333333	4	0.291666666667
0.9           	1	0.5
0.4375        	0	0.1875
0.462962962963	3	0.435185185185
0.0           	1	0.0
0.6           	3	0.875
0.25          	2	0.25
0.6           	0	0.7
1.0           	3	0.52
0.433333333333	1	-0.0333333333333
0.65          	2	0.0375
0.535714285714	1	0.285714285714
0.2           	0	0.25
0.4           	1	0.0
0.75          	1	0.25
0.375         	2	0.125
0.233333333333	2	-0.105555555556
0.0           	3	0.0
0.0           	2	0.0
0.888888888889	0	0.5
0.0           	0	0.0
0.5           	0	0.6
0.267857142857	2	0.142857142857
0.0           	2	0.0
0.0           	0	0.0
0.0           	0	0.0
0.0           	1	0.0
0.9           	3	0.8
0.410897435897	1	0.108333333333
1.0           	0	-0.5
0.0           	1	0.0
0.9           	2	0.3
0.401515151515	4	0.128787878788
0.0           	3	0.0
0.75          	1	0.5
0.766666666667	0	-0.366666666667
0.0           	4	0.0
0.0           	1	0.0
0.0           	0	0.0
0.5           	2	0.5
0.4375        	0	0.1875
0.0           	1	0.0
0.0           	1	0.0
0.25          	5	-0.25
0.3           	2	0.0
0.645238095238	1	-0.238095238095
0.6           	3	-0.0666666666667
0.59375       	1	-0.0451388888889
0.0           	2	0.0
0.444444444444	3	0.270833333333
1.0           	4	-0.5
0.0           	0	0.0
0.125         	2	0.0
0.454545454545	3	0.136363636364
0.0           	4	0.0
0.55          	4	0.166666666667
0.0           	1	0.0
0.375         	1	0.125
0.5625        	2	0.5
0.0           	1	0.0
0.55          	1	-0.25
0.0           	1	0.0
0.4           	4	-0.475
0.0           	2	0.0
0.4           	0	0.45
0.1           	4	0.0
0.0           	1	0.0
0.0           	0	0.0
0.7           	1	0.5
0.0           	6	0.0
0.5           	4	0.145833333333
0.6           	5	0.7
0.6           	3	0.45
0.125         	1	0.0
0.0           	0	0.0
0.0           	6	0.0
0.666666666667	4	0.0
0.568333333333	6	-0.0316666666667
0.0           	1	0.0
0.8           	5	0.4
0.8           	5	0.4
0.533333333333	0	-0.125
0.4           	4	-0.1
0.666666666667	2	0.0333333333333
0.0           	2	0.0
1.0           	1	-0.5
0.6           	0	0.7
0.0           	1	0.0
0.0           	3	0.0
0.0           	2	0.0
1.0           	3	0.25
0.5           	0	0.25
0.0           	2	0.0
0.5           	2	0.5
0.0           	3	0.0
0.0           	1	0.0
0.4           	3	0.05
0.2           	3	0.2
0.1           	1	-0.125
0.255555555556	3	-0.233333333333
0.0           	2	0.0
0.0           	1	0.0
0.685714285714	5	0.352380952381
0.0           	1	0.0
0.0           	2	0.0
0.316666666667	4	-0.0291666666667
0.414285714286	5	-0.360714285714
0.130555555556	0	0.1953125
0.2           	3	-0.2
0.75          	0	-0.392857142857
0.0           	2	0.0
0.0           	1	0.0
0.508333333333	3	0.41875
0.0           	2	0.0
0.288888888889	1	-0.155555555556
0.0           	3	0.0
0.166666666667	3	-0.166666666667
0.1           	6	0.0
0.0           	2	0.0
0.5           	2	0.5
0.0           	1	0.0
0.0           	1	0.0
0.0           	4	0.0
0.0           	1	0.0
0.28          	6	-0.0141666666667
0.45          	1	-0.3
0.535714285714	2	0.285714285714
0.0           	0	0.0
1.0           	2	0.5
0.0           	8	-0.05
1.0           	2	-1.0
0.9           	0	0.6
0.570833333333	0	-0.345833333333
0.0           	0	0.0
0.0           	1	0.0
0.0           	0	0.0
0.6           	0	0.7
0.4           	1	0.2
0.6           	3	0.125
0.622222222222	2	-0.358333333333
0.35          	0	0.0833333333333
1.0           	4	0.6
0.0           	2	0.0
0.0           	3	0.0
0.833333333333	1	0.633333333333
0.0           	0	0.0
0.576666666667	3	0.383939393939
0.0           	3	0.0
0.672222222222	2	-0.613888888889
0.3           	5	0.0
0.0           	0	0.0
0.0           	3	0.0
0.9           	2	0.7
0.347863247863	2	0.0277777777778
0.0           	0	0.0
0.85          	4	-0.1
0.538461538462	6	0.0
0.6           	1	-0.0333333333333
0.65          	2	0.55
0.7           	4	-0.5
0.7           	4	-0.5
0.0           	0	0.0
0.5           	1	0.0
0.446666666667	0	0.12
0.2           	1	0.25
0.291666666667	3	0.25
0.5           	3	0.5
0.0           	0	0.0
0.475         	4	0.130208333333
0.0           	6	0.0
0.0           	0	0.0
0.5           	1	0.5
0.0           	2	0.0
0.6           	0	0.225
0.583333333333	5	-0.183333333333
0.0           	2	0.0
0.9           	0	0.6
0.325         	4	0.0583333333333
