0.0
0.0
0.075
0.216666666667
0.0
0.0
0.0
0.357142857143
0.383333333333
0.0
0.0
0.5
0.0
-0.05
-0.05
0.25
0.35
0.0
0.0
-0.366666666667
-0.183333333333
0.0
0.0
0.292857142857
0.0
0.0
-0.155555555556
0.0
0.166666666667
0.0
-0.166666666667
0.0
-0.166666666667
0.0
-0.125
0.0
0.0
0.0
0.0
0.25
0.3
0.625
-0.2125
0.0
0.2
0.275
0.0
-1.0
0.0
0.0
-0.06
0.333333333333
0.0
-0.04375
-0.00714285714286
-0.158333333333
0.7
0.0
-0.15
0.0
0.244444444444
0.0
0.0
0.0
0.303571428571
0.0888888888889
0.0
-0.25
0.16
0.16
0.1
0.0
0.0
0.400390625
-0.4
-0.583333333333
0.0
-0.0311111111111
0.0
0.5
-0.075
-0.371428571429
0.0
0.1
-0.155555555556
0.0
0.0
0.7
0.15
-0.270833333333
0.0
-0.25
0.15
-0.4
0.0
0.0945616883117
0.122222222222
0.55
-0.0608333333333
-1.0
-0.5
0.0
0.0
0.15
0.0
-0.0833333333333
0.5
0.0
0.0
0.35
-0.0508333333333
0.0
-0.75
0.0111111111111
0.5625
0.0
0.5
0.316666666667
-0.1
0.75
0.8
-0.5
0.1
-0.6
0.0
0.25
0.0
-0.55
0.133333333333
0.0
0.875
0.6
0.0
0.0
0.15
0.0
0.35
0.0
0.3
0.0
0.0
0.0
-0.05
-0.3125
0.0
-0.5
0.125
0.0
0.0
0.0
0.0
0.0
0.0
-0.178571428571
0.0
0.4
0.0
-0.45
0.0
0.122222222222
-0.025
-0.35
0.5
0.0
0.0681818181818
0.15
0.0
0.447272727273
0.35
0.0
0.0
0.0
0.0
0.0
0.126785714286
0.0446428571429
-0.2
0.0
0.15
-0.15625
0.2
-0.125
0.0666666666667
-0.2
0.0589285714286
0.5
0.4
-0.357142857143
0.0
0.0
0.0928571428571
0.0
0.25
0.2
0.0
0.0
0.0
0.0
0.0
0.15
-0.183333333333
0.0
0.2
-0.5
-0.0518518518519
-0.7
0.0
0.136363636364
0.25
0.475
0.0666666666667
-0.025
-0.0214285714286
-0.122023809524
0.0
0.075
0.0
-0.0333333333333
0.0
0.0
-0.0166666666667
0.375
0.0
0.3
0.136363636364
-0.3
1.0
0.0
0.0
0.0
0.3
0.1
0.0464285714286
-0.25
-0.3
0.8
0.268181818182
0.333333333333
1.0
0.5
0.0
0.17
0.0
0.0
-0.125
0.375
0.233333333333
-1.0
0.7
0.0
0.0
0.0
0.5
0.0
0.0
0.0
0.0
-0.1
0.0
0.15
0.0777777777778
0.45
0.1
0.0
0.8
-0.285714285714
1.0
0.0
0.2
0.0
-0.232142857143
0.0
0.625
0.0578125
0.0
-0.13
0.0
0.0
0.0
0.375
0.209821428571
0.0
0.25
0.0
0.443181818182
0.0
0.0
0.0
0.0
-0.133333333333
0.0
0.0
0.0
0.0
1.0
0.025
0.0
-0.0212121212121
-0.0694444444444
0.0
-0.75
0.0
0.136363636364
0.5
0.08
0.1
-0.4125
0.0
0.0
0.0
0.116666666667
0.333333333333
-0.2
0.5
0.025
0.5
-0.2
0.0
0.136363636364
0.4435546875
0.25
-0.2
-0.1
0.0
-0.075
0.15
0.0
0.0
0.0
0.58
0.0
-0.15
0.0
0.3
0.4
0.2
0.144444444444
-0.714285714286
0.0
0.25
-0.4
0.0
0.0
-0.9375
0.0
0.0
0.4
-0.155555555556
0.0
0.0
0.0
-0.25
0.0
0.15
-0.0833333333333
0.0
0.0
-0.2
0.266666666667
0.0
0.0
0.0
0.0
-0.22
-0.6
0.1
0.0
0.0
-0.375
0.0
0.0
0.1
0.0
0.0
0.166666666667
0.0
-0.2
0.4
0.4
0.0
0.295
0.306818181818
0.0340909090909
0.0
-1.0
-0.333333333333
0.0
0.0
-0.2
-0.8
-0.45625
0.05
-0.2
-0.075
-0.0625
-0.5
-0.05
0.0
-0.25
0.0
-0.0375
-0.15
0.0
-0.6
0.0
-0.2
0.05
-0.7
-0.119791666667
0.0
0.525
-0.25
-0.7
0.0
0.25
0.1
0.5
0.0
0.0
-0.7
0.0
0.211038961039
-0.0625
0.0
-0.4
-0.3
-0.166666666667
0.0
-0.025
0.0
0.0
0.4
-0.5
-0.233333333333
0.25
0.0
-0.125
-0.3125
-0.25
0.4
-0.125
0.625
0.0193452380952
0.4
-0.416666666667
0.0
0.0166666666667
0.0
0.05
-0.5
-0.2
0.466666666667
0.05
0.0
0.0166666666667
-0.5
0.0
0.390625
1.0
-0.4
0.025
0.0722222222222
0.0
0.0
0.0
0.0
-0.104166666667
0.0
0.0
0.0
0.0
0.0
0.0
0.434090909091
0.0
0.0
-0.3
0.0
0.0
-0.1
-0.0305555555556
0.5
-0.145833333333
-0.125
-0.2
0.05
0.98828125
-0.25
0.0
0.541666666667
0.0
0.05
0.0
-0.1
0.75
0.0
0.0
0.0
0.375
0.0
-0.5
-0.3
0.5
0.0
0.0
0.466666666667
0.8
0.8
0.273232323232
0.0
0.0
0.5
0.0
0.0
0.0
0.0
0.0
0.425
0.0
0.25
0.0
0.433333333333
0.0
0.0
0.285714285714
0.2
0.5
0.0
0.0
0.136363636364
-0.513888888889
0.1
0.8
0.05
0.0
0.5
0.0
-0.383333333333
0.0
0.75
-0.0166666666667
-0.025
0.2125
-0.34375
-0.06
0.0
0.2
0.0
0.1
0.2
-0.2
-0.6
0.0
0.0
0.0
0.0125
0.0
0.140888888889
0.0
-0.243055555556
0.142857142857
0.15
0.0
0.433333333333
0.0
0.0
0.0
0.3
0.0
0.5
0.447619047619
-0.2
0.225
0.0
0.2
0.0
0.0784722222222
0.0
0.0
0.0
0.0
0.05
0.0
-0.259375
0.0
0.05
-0.0203125
0.0
-0.6
0.3
0.142857142857
0.0
0.233333333333
0.0
0.0
0.285714285714
0.0
-0.4
0.142857142857
0.2
0.0
-0.55
0.0
0.05
-0.25
0.0
0.0
0.0
0.0
0.242857142857
0.146428571429
0.0
-0.333333333333
0.808333333333
0.0
0.475
-0.0125
0.5
0.0
-0.191666666667
0.0
0.0
-0.4
-0.7
0.425
0.0
0.0
0.175
0.0583333333333
0.0
0.317142857143
0.0
-0.2
0.4
0.0
0.0
0.0
0.5
-0.6
0.8
0.0
-0.2
0.0
0.0
0.0
-0.5
0.0
0.104166666667
0.0
-0.2
0.0
0.0
0.0
0.5
0.25
0.0
0.415
-0.166666666667
0.0
0.0
-0.45
0.0
0.1
0.0
0.0
0.170454545455
-0.131818181818
0.0
0.0
-0.127777777778
0.8
-0.0333333333333
0.0
0.5
0.0
-0.25
0.4
0.1
0.285714285714
0.0
0.285714285714
0.0
0.0
0.0875
0.0
0.125
0.7
0.8
-0.4
0.5
0.0
-0.0777777777778
-0.5
0.0
0.296875
0.5
-0.4
0.25
0.0
0.0
0.266666666667
0.5
0.444444444444
-0.05
0.0
0.0
0.0
0.05
-0.2
-0.05
0.5625
0.0
0.0
0.0
-0.1
0.0
-0.714285714286
0.0
0.292857142857
0.15
-0.2
0.2
0.0
0.6
0.0
0.0
-0.175
-0.0625
0.0
-0.375
-0.335714285714
0.285714285714
0.0
0.116666666667
0.0
0.0
-0.155555555556
0.0
-0.390625
0.2
0.0
-0.3
0.0
-0.230555555556
0.0
0.0
-0.426851851852
0.0333333333333
0.0
0.0
0.0
0.0
0.0
0.0
0.0
0.0
-0.714285714286
-0.05
0.625
0.1
-0.207142857143
0.0
0.0
-0.133333333333
0.1875
0.0
0.4
0.0
-0.2
0.0
-0.15
0.0
0.766666666667
-0.7
0.0
0.5
0.5
-0.1
-0.025
0.1875
0.5
0.0
0.490625
0.0
0.0
0.0
0.2375
-0.25
0.0
0.3
0.0
0.0
0.3
0.15625
0.0
0.0
0.0
1.0
0.25
0.0
0.6
0.0798611111111
0.568181818182
0.0
0.4
1.0
0.0
0.8
0.0
0.0
0.8
-0.25
-0.175
0.0
-0.0708333333333
0.0
-0.1
-0.15625
0.8
0.5
-0.6
0.0
-0.5458984375
0.0
0.0
-0.333333333333
-0.75
0.5
0.0
0.0
-0.0833333333333
0.0
-0.325
0.2
0.2
0.8
0.0
0.0
0.0333333333333
0.8
-0.4
0.8
0.3125
0.0
0.3
0.3
0.35
0.3
0.3
0.3
0.425
0.3
0.425
0.3
0.3
0.1
0.3
0.475
0.3
0.3
0.3
0.3
0.3
0.2875
0.05
0.3
0.3
0.35
0.38125
0.3
0.3
0.3
0.3
0.3
0.3
0.3
-0.12
0.3
0.3
0.214895833333
0.1625
0.3
0.3
0.3
0.3
0.3
0.3
0.3
0.3
0.3
0.0
0.35
0.3
0.3
0.38125
0.3
0.3
0.33
0.3
0.3
0.425
0.38125
0.3
0.3
0.3
0.3
0.3
0.3
0.3
0.3
0.0
0.0
0.65625
0.425
0.3
0.475
0.425
0.3
0.3
0.36171875
0.3
0.3
0.44
0.3
-0.5
0.225
0.05
0.0
0.0
-0.4
-0.35
0.0
0.0
0.0833333333333
-0.7375
0.416666666667
0.3
0.0
0.0
-0.2
0.00730519480519
0.2
0.291666666667
0.0
0.35
0.0
-0.03
0.0
0.0
0.0
0.0
0.0
1.0
0.0
0.0
-0.222222222222
0.0
0.5
0.0
0.0
0.5
0.166666666667
0.246590909091
1.0
0.0
0.0
0.0
0.5
0.4
0.254282407407
0.0
0.0681818181818
0.212121212121
0.0
0.0
0.2
0.0
0.0
0.0
0.0
0.0
0.0
0.0
0.0
0.375
0.0
-1.0
0.0
0.5
0.0
0.0
0.0
0.0
0.0472222222222
0.0
0.0
0.0
0.0
0.0
-0.55
0.0
0.05
0.568181818182
0.48828125
-0.0625
0.5
0.0
-0.266666666667
0.0
0.0
0.0
0.5
0.4
0.0
-0.0958333333333
0.8
0.0533333333333
0.0
0.0
0.0
0.0
0.0
0.214285714286
-0.7
0.0
0.0
0.25
0.0
-0.0138888888889
0.0
0.8
0.0
0.0708333333333
0.5
0.0
0.2
-0.24375
0.1625
-0.283333333333
-0.05
0.385
0.148148148148
-0.15
0.25
0.0
0.0
-0.325
0.85
-0.5
-0.6
-0.290625
-0.0416666666667
0.1875
1.0
0.275
-0.0833333333333
0.0
0.25
0.0
0.0
0.0
-0.5
-0.35
0.4
0.0
-0.3
0.5
-0.2
0.0
0.16
0.0
0.0
-0.25
0.0
-0.8
-0.4
0.0
0.0
0.0
0.3
0.5
0.0
0.428571428571
0.0
0.0
0.2
0.7
0.0
-0.0208333333333
0.0
0.2
0.0
0.0
0.0
0.575
0.5
-0.291666666667
0.5
0.0
0.0
0.25
0.0
-0.125
-0.233333333333
0.433333333333
-0.8
0.2
-0.1
0.0
1.0
-0.0666666666667
-0.2
-0.025
0.0
0.0
0.0
-0.2
0.0
0.0
0.2
-0.5
0.0
0.0
0.233333333333
0.0
0.015625
0.1
0.20625
0.5
-0.214285714286
0.0
0.0
-0.45
0.35
-0.3
0.0
0.166666666667
0.3
-0.5
0.35
0.0
-0.2
0.0
0.2
0.2
0.0
0.0
0.25
0.75
0.6103515625
-0.2
0.5
0.0
0.0
1.0
0.0
0.35
0.0
0.0
0.0
0.0
-0.2
0.0
-0.0625
0.166666666667
0.0
0.0
0.0
0.0
0.35
0.0666666666667
0.0
0.154166666667
0.216666666667
0.0
0.0
0.4
0.2
-0.5
0.166666666667
0.0
0.3
0.0
-0.333333333333
0.1875
0.0
-0.2
0.0
0.05
0.0
0.0
0.0
0.25
-0.25
0.0
0.0
0.0
0.0
0.0
0.266666666667
0.136363636364
-0.3
0.0
-0.5
0.172222222222
0.2
0.03125
0.1
0.1
0.172222222222
-0.155555555556
0.0
0.75
0.0
0.0
0.425
0.285714285714
0.0
1.0
0.6
-0.25
0.0
0.35
0.7
0.0
0.566666666667
0.0
-0.7
0.0
0.0
0.10625
-0.3
-0.207142857143
0.0
0.5
0.116666666667
0.875
0.4
0.0
0.0
0.0
0.65
0.0
-0.6
-0.20625
-0.5
0.0
0.0
0.0
0.0
0.0
-0.75
0.3
0.0
0.0
0.0
0.15
0.133333333333
0.0
0.0
0.172222222222
0.0
0.0
0.3
-0.7
-0.7
0.0
0.0
0.09765625
0.5
0.05
0.5
-1.0
0.0
0.7
-0.6171875
-0.0863636363636
0.0
0.0
0.65
-0.2
0.0
-0.6
0.0
-0.6
0.0
0.0
-0.3375
0.5
-0.557291666667
-0.2
0.8
0.235
-0.2
0.642857142857
-0.0833333333333
0.25
-0.3
-0.208333333333
0.0
0.0
0.1
0.15625
-0.7
0.0
0.35
0.0
0.5
-0.7
0.0
0.0
0.0
0.0
0.55
-0.166666666667
-0.8
0.5
0.0
-0.143434343434
0.0
-0.333333333333
0.0
0.0
0.0
0.0
-0.0833333333333
-0.4
-0.1625
0.5
0.30517578125
0.342857142857
0.0
0.0
-0.104166666667
0.0
-0.55
-0.5
0.0
0.625
0.0
0.0
0.0
0.4
0.0
0.0
0.0
0.416666666667
0.3
0.1
0.0
0.0
0.0
0.0
0.0
0.0
0.166666666667
0.0
0.5
-0.0138888888889
0.142857142857
0.0
0.0
0.416666666667
0.4
-0.375
-1.0
0.0
0.0
0.7
0.222222222222
-0.1
0.416666666667
-1.0
0.0
0.390625
-0.5
0.8
0.0
0.411111111111
-0.0861111111111
0.0
0.0625
0.0
0.5
0.3375
0.0
0.525
-0.4640625
0.0
0.0
-0.8
0.166666666667
0.0
0.0
-0.3
0.0
0.3
0.0
0.0
0.0
0.0
-0.095
0.0
0.0
0.0
0.0
0.0
0.0
-0.2
0.0833333333333
0.0
-0.3
0.0
0.0333333333333
0.0
-0.213333333333
0.2
0.366666666667
0.0
-0.75
0.5
-0.25
0.0
0.625
0.0
0.05
0.5
0.35
-0.05
0.0
0.0
0.6
0.6
0.236111111111
0.3375
0.2
0.5
0.0
0.0
0.186111111111
0.0
-0.3
1.0
0.115625
0.0
0.0
0.0
0.0
0.0
0.2
0.8
0.7
0.3
-0.458333333333
-0.4
0.0
-0.275
-0.0666666666667
0.0
0.0
0.5
-0.25
0.0
0.0
0.375
0.0
0.0424242424242
-0.476388888889
0.6
0.308333333333
0.0
0.0
0.0
-0.433333333333
0.0
-0.438095238095
-0.2
0.0
0.0
0.4
0.0
0.0
0.0
0.136363636364
0.0
-0.25
-0.311111111111
0.0
-0.155555555556
0.7
0.0
0.0
0.1
0.55
-0.2
0.0
0.1
0.0
0.3875
0.25
0.0
0.0
0.285714285714
-0.25
-0.3
0.436189408736
-0.333333333333
0.0
0.6
0.0
0.125
0.15
-0.125
-0.4
0.0
0.579166666667
0.0
0.0
0.45
-0.408333333333
0.5
-0.25
0.8
0.0
0.142857142857
0.286931818182
0.0
0.0
-0.275
0.1
0.0
0.204166666667
0.0
-0.7
0.0
0.7
0.0
-0.166666666667
0.0
0.0
0.0
0.0
0.5
-0.5
-0.5
0.0
0.0
-0.05
0.0
-0.9375
0.0
-0.05
0.3
0.166666666667
-0.4
0.0
0.25
0.0
-0.0333333333333
0.0
0.0
0.0
0.0
-0.1
0.0
0.433333333333
0.0
0.0
0.117857142857
0.0
0.2
0.0
0.8
0.1375
0.291666666667
0.0
0.0625
0.0
0.166666666667
0.175
0.0
0.3
-0.2
0.25
0.3
0.466666666667
0.0
0.0
0.144444444444
-0.225
0.0
0.8
0.5
0.0
0.0
-0.05
-1.38777878078e-17
0.0
0.0
0.1875
0.0
-0.15
-0.00333333333333
0.566666666667
-0.65
-0.357142857143
0.5
0.0
0.0
0.2
0.0
0.0
-0.2
0.0
0.0
0.333333333333
0.0
0.375
0.0
0.0
0.3
0.0
0.0
-0.6
0.1
0.5
0.0111111111111
-0.3125
-0.366666666667
0.0285714285714
0.6
1.0
0.0
0.0
-0.125
0.2
0.0
0.0
0.0
0.4
0.0
0.0833333333333
0.285714285714
0.5
0.6
-0.233333333333
0.0
0.25
0.0
0.0
0.0
-0.05
0.0
0.285714285714
0.25
-0.4
-0.1875
-1.0
0.25
-0.0625
0.125
0.325
0.152777777778
0.0
0.0
0.1
0.0
0.025
0.0
0.0
-0.25
0.025
-0.6
0.0
-0.6
0.6
0.0
0.875
0.154761904762
0.683333333333
-0.1625
0.0
0.5
0.4125
0.0
0.2
0.7
0.0
0.0
-0.5
-0.35
-0.2
-0.166666666667
0.0
0.7
0.08
-0.8
0.0
0.2375
0.285714285714
-0.2
0.0
0.25
-0.155555555556
1.0
0.0
-0.254166666667
-0.00277777777778
0.0333333333333
0.25
0.7
-0.333333333333
0.316666666667
-0.433333333333
0.0
0.0
0.0
0.166666666667
0.5
0.283333333333
0.425
-0.05
-0.3
0.0
0.05
0.0
0.8
0.8
0.25
-0.75
0.233333333333
-0.0375
0.0
0.0
0.0
-0.3
0.166666666667
-0.3
0.0
0.0
-0.3
0.0
0.666666666667
0.25
0.0
0.0
0.0
0.2
0.0
0.2
0.0
0.2
0.0
0.0
0.0
-0.2375
-1.0
-0.3
0.0
0.0
0.0
1.0
0.0
0.0
0.25
0.08
-0.1875
0.8
0.0
0.0
-0.1
0.0
0.375
0.0
-0.1875
-0.0333333333333
0.6
0.2
0.625
0.128787878788
0.0
-0.2125
0.128787878788
0.0
0.0
0.0666666666667
0.125
-0.257142857143
0.0119823232323
0.0
0.0
0.125
0.2
0.0
0.0
-0.5
0.0
0.0
0.5
0.136363636364
0.0
0.16
0.16
0.425
0.128787878788
0.125
0.0
0.0
0.0
0.2
-0.3
0.133333333333
0.133333333333
0.0
-0.204166666667
0.285714285714
-0.2
0.0
-0.133333333333
0.0
0.0375
0.1
0.0
0.1
-0.166666666667
0.0
0.0
0.0
-0.5
0.136363636364
0.0
0.3
-0.155555555556
0.2
0.5
0.0
0.0
0.0
0.0
0.0
-0.133333333333
-0.05
0.25
-0.05
0.175
0.175
0.0
0.0
0.466666666667
0.0
-0.0297619047619
0.1
0.2
-0.266666666667
-0.00555555555556
-0.0527777777778
0.65
0.0
0.2
-0.0964285714286
0.1
-0.0340909090909
0.0
-0.283333333333
0.6
0.1875
0.0
0.15
0.2
0.0
0.0
0.0
0.0
-0.714285714286
-0.3
0.35
0.0
0.378787878788
0.0
0.5
0.0
0.0
0.1
0.25
0.4
0.3
0.0
-0.8
0.0
-0.375
0.0472222222222
0.0
0.0
0.268181818182
0.0
-0.3
0.05
0.0
0.05
0.0
0.0
0.0
0.0
0.0
-0.15
0.0833333333333
0.0166666666667
0.0
0.0
0.0
0.0
-0.2140625
0.075
-0.0388888888889
0.0
0.0
0.348148148148
0.180113636364
0.0
0.5
0.0
-1.0
0.2
0.025
-0.0625
0.0
0.0
0.0
0.0
-0.4
0.1
0.2
0.5
0.2
0.205
0.8
0.8
-0.125
0.0
0.525
0.0
0.625
0.625
0.433333333333
0.0340909090909
0.25
-0.05
0.15
-0.5
0.0541666666667
0.0
0.0
0.0
0.0
0.0
0.78125
0.0
-0.155555555556
0.0
0.0
-0.3
0.0
0.1
0.0
0.0
0.0
0.05
0.4
0.216666666667
0.1
1.0
0.433333333333
1.0
0.2
-0.6
0.0
0.35
-0.1
-0.857142857143
0.0
0.0
0.4
-0.271428571429
0.333333333333
-0.725
-0.271428571429
0.45
-0.7
-0.4
0.0
0.0
0.0
0.525
-0.0833333333333
0.225
0.025
0.0
0.25
0.0
0.0
0.0
0.5859375
0.0
0.329166666667
0.0
0.125
0.0
0.025
-0.5
0.0
-0.633333333333
0.343333333333
-0.2
0.0
0.8
0.7
-0.166666666667
0.0
0.55
0.0
0.0
0.0
0.0
0.236485042735
-0.50625
0.8
-0.3
0.0
0.0
-0.65
0.0333333333333
0.0
-0.5
0.0333333333333
0.0
0.55
0.0
-0.0962962962963
-0.256944444444
-0.5
0.5
0.491666666667
-0.155555555556
0.0
-0.5
0.1
-0.075
0.0
0.0
0.0
-0.25
1.0
0.0
0.6
0.285714285714
0.25
0.0
-0.127777777778
0.285714285714
-0.190277777778
0.0666666666667
0.0803571428571
0.0
0.0
0.0
0.0
0.2
0.5
0.0
0.025
0.0681818181818
-0.333333333333
0.108333333333
0.2
-0.5
0.0
0.238636363636
-0.05
0.0
0.0
0.1
0.3
0.3
0.3
0.357142857143
0.0
0.625
-0.177777777778
0.1
0.25
-0.3125
0.0625
0.2
0.46875
0.46875
0.0
0.0
0.625
-0.179166666667
-0.225
-0.25
0.0
0.55
0.0
-0.8
0.05
0.0
0.0
0.5
0.4
0.0333333333333
-0.186507936508
0.9
0.1
0.0
0.5
-0.125
1.0
0.2
0.5
-0.1425
0.0
0.583333333333
-0.166666666667
0.05
0.2375
0.5
0.166666666667
0.0
0.0
-0.495833333333
0.25
0.0
-0.5
-0.75
0.0
0.1
-0.2
0.125
0.8
0.0166666666667
0.133333333333
0.0
0.0
0.0
0.18
-0.175
0.0
-0.3
-0.2
0.143333333333
0.0
0.104166666667
0.6
0.6
0.5
0.102678571429
-0.025
0.05
0.05
-0.133333333333
0.104166666667
0.0
0.7
0.0
0.1
-0.15
0.0
0.0333333333333
0.0
0.0
0.24375
-0.5
0.0
0.5
-0.48828125
0.0
-0.3
0.0
0.0
0.0
0.2
0.0625
0.0
0.0
0.0
0.0
0.8
0.0
-0.2
0.0
0.136363636364
0.0
0.5
0.4
0.0
0.8
0.54375
0.0
0.0
0.0
0.0
0.7
0.0
-0.3125
0.0
-0.3
0.0
-0.221212121212
0.0
-0.35
0.116666666667
0.5
0.0
0.0
0.0
0.125
-0.375
0.0
0.6
0.1
0.0
0.0
0.6
0.0
0.0
0.0
0.25
0.0
0.85
-0.4
-0.544642857143
0.366666666667
0.6
0.0672727272727
0.00876736111111
0.0
0.0
-0.0385714285714
0.0
0.2
-0.2
0.1
-0.025
0.0
0.0
-0.7
0.0
0.0
0.0
0.0
0.0
0.75
0.0
-0.5
-0.4375
-0.03125
0.0
0.0
0.301666666667
0.0
0.0
0.375
0.0
0.0
0.0
0.5
-0.155555555556
0.0
0.55
0.0
-0.5
0.0
-1.0
0.15
-0.35
0.0
0.0
0.4
0.0
-0.2
0.0
-0.433333333333
0.0
0.0
0.025
-0.6
0.35
0.2
0.3
0.2
0.0
0.0
0.5
0.0
-0.6
0.3
0.55
-0.025
0.45
0.0
0.0
0.390625
0.0
0.0
-0.233333333333
-0.0777777777778
0.5625
-0.3
0.6
-0.333333333333
0.35
0.0
-0.2
0.0
0.0
-0.2
-0.6
-0.2
0.0
0.332919034091
0.5
-0.8
-0.1
-0.0777777777778
-0.1
-0.0777777777778
-0.3
0.0
-0.3
-0.10625
0.4875
-1.0
-0.1
-0.1
-0.3
0.316666666667
0.0
0.0
-0.7
-0.45
0.75
0.0
0.0
-0.1
0.1
0.0
0.0
0.118181818182
-0.1
0.0
0.0
-0.166666666667
-0.225
0.0
0.0
0.5
0.0
-0.3
-0.0625
0.0
0.8
0.0
0.0
0.0
0.6
0.408333333333
0.0
0.1875
0.0
0.0
0.0
0.0
-0.2
0.45
-0.426515151515
0.0
0.1
0.0
0.0466666666667
0.0
0.0
0.35
0.0
0.7
-0.266666666667
-0.4
0.0
0.0
0.0
-0.05
-0.1
0.0
0.0
0.0
0.0
0.0
0.0
0.0625
0.0
0.0
0.0
-0.3
0.1
-0.221212121212
-0.2
0.1
-0.0388888888889
-0.8
0.3125
-1.0
0.0
0.1
1.0
-0.2
0.0
0.25
0.0
0.3
0.0
0.0
0.0
0.5
0.0
0.625
0.318181818182
0.0
0.0
0.328787878788
0.45
0.0
0.0
0.0
0.15
-0.4
0.0
0.0
0.0
0.390625
0.121590909091
0.1
0.0
0.0
0.8
0.25
-0.640625
-0.0333333333333
0.0
-0.2
0.0
0.1
0.25
0.0
0.0
0.4
0.0
-0.155555555556
0.0
0.0
0.0
0.2
0.1
0.0
-0.0833333333333
-0.1
3.70074341542e-17
-0.2
0.0
0.130208333333
1.0
0.5
-0.125
0.4
0.0
0.0
0.8
0.0
0.5
0.475
-0.205555555556
0.0
-0.1
0.0
-1.0
0.325
0.0
0.65625
0.32
0.342857142857
-0.155555555556
-0.8
0.0
0.55
0.16
-0.02
0.516666666667
0.7
0.0
0.0
0.0
0.255555555556
0.1
0.5
0.5
0.5
0.232142857143
0.0166666666667
-0.5
-0.0444444444444
0.0
-0.335714285714
0.0
0.1875
-0.5
0.0
-0.25
0.0
0.0
0.0
-0.25
1.0
0.0
0.0
0.223232323232
0.0
0.0
0.0
-0.0416666666667
0.1
0.25
0.6
-0.125
0.25
0.0
0.0
-0.166666666667
0.0
-0.108333333333
0.0
1.0
0.05
0.0
0.0
-0.075
0.0
0.0
0.0
0.0
0.357142857143
0.0
0.0
0.78125
0.0
0.0
0.0
0.0
-0.0666666666667
0.0416666666667
0.0
0.268518518519
-0.288095238095
0.2
0.25
0.1125
0.0
0.166666666667
-0.357142857143
0.0
0.666666666667
0.0
0.0
0.275
0.5
0.0
0.5
0.125
-0.8
0.0
0.233333333333
0.0
0.438095238095
0.136363636364
0.0
0.333333333333
0.0
0.25
0.397727272727
-0.5
0.125
0.2
-0.4
0.0333333333333
-0.3
0.25
0.35
0.0
0.0
0.5
0.0666666666667
0.0
-0.25
-0.0416666666667
0.0
-0.133333333333
0.0
0.0
0.0
0.0
0.0
0.0
0.5
0.7
0.0
0.316666666667
-0.6
0.2
0.0
0.0
0.0
-0.6
0.75
0.35
0.1
-0.6
0.0
0.166666666667
0.0
0.4
0.0
0.0
0.183333333333
0.408333333333
0.0
-0.55
0.4
0.9375
0.0
0.625
0.5
0.0
0.0
0.316666666667
-0.1
0.0
0.5
0.6
0.285714285714
0.05
-0.10625
0.347222222222
-0.7
0.0
0.0
0.0
-0.75
0.0
0.6
0.0
0.0
0.677777777778
0.5
0.0
0.136363636364
0.0
0.116666666667
-0.125
0.0
0.0
0.0
-0.09375
-0.583333333333
0.416666666667
0.2
0.8
0.5
0.0
0.0
-0.138095238095
-0.125
0.0
0.322222222222
-0.775
0.0
0.25
0.0
0.136363636364
0.36875
0.00568181818182
0.0
0.0833333333333
0.533333333333
0.00568181818182
0.075
0.2
0.25625
0.25625
0.0
0.0
0.166666666667
-0.1
0.0
0.0
0.25
-0.261333333333
0.5
0.285714285714
-0.4
0.5
-0.2
0.55
0.343333333333
0.0757575757576
0.0
-0.438095238095
0.7
-0.166666666667
0.0333333333333
0.0
0.0
1.0
0.0
0.0
0.6
0.4
0.15
-1.0
0.0
-0.4
-0.416666666667
0.0
0.25
0.0
0.0
0.233333333333
0.0
0.116666666667
-0.5
0.0
0.5
-0.4
0.0
0.5453125
0.0
0.0
-0.0697916666667
-0.6
-0.142857142857
0.0
0.0
0.0
-0.55
0.0
0.0
0.15
0.0
0.136363636364
0.0
0.0
-0.483333333333
0.2
0.0
0.4
-0.4
0.416666666667
0.16
0.16
0.0909090909091
0.577777777778
0.0
0.6
0.166666666667
0.267857142857
0.0
0.6
0.5
-0.166666666667
0.5
0.390625
0.4
0.0
0.0
0.0
0.375
-0.625
0.25
-0.155555555556
-0.8
0.0
-0.2
0.0
-0.025
0.625
0.0
0.2
0.214285714286
0.8
0.244140625
0.136363636364
0.416666666667
0.0
0.1
0.1
0.0
-0.277777777778
0.4375
0.1
-0.233333333333
-0.354761904762
-0.05
0.0
0.125
0.8
0.433333333333
0.0
-0.3125
0.4
0.0666666666667
0.8
0.15
-0.125
-0.1
0.0
0.4
0.0
-1.0
-0.125
0.5625
0.0
-0.3
0.0
0.0
0.108333333333
0.0
-0.29296875
-0.291666666667
0.221428571429
-0.5
0.0
0.8
-1.0
0.0
-0.25
-0.625
0.0
-0.260101010101
0.208333333333
0.6
0.0
0.09375
0.1
0.25
0.0916666666667
-0.0333333333333
0.166666666667
0.0
0.0
0.0
0.0
-0.162962962963
0.0
0.0
-0.3
-0.0634523809524
0.0
-0.125
0.5
0.0
0.35
0.0
0.2
-1.0
0.0
0.0
0.525
0.425
-0.075
-0.05
0.0625
0.136363636364
0.0
-0.8
-0.125
0.0
-0.4
0.0
0.0977272727273
0.0977272727273
-0.15
0.0
0.0
0.0
-0.5
0.0
0.1
-0.0166666666667
-0.2
0.0
0.5
-0.6
-0.0458333333333
0.233333333333
-0.2
0.0
0.1
-0.6
0.2
-0.125
0.675
-0.175
0.0535714285714
0.0
0.0
0.2
0.3
0.216666666667
0.125
0.0
-0.05
-0.333333333333
-0.05
0.6
-0.201851851852
0.0
0.166666666667
0.0
-0.45
0.216666666667
-0.3
0.6
0.65
0.25
0.2375
0.525
0.0
0.0625
1.0
0.85
0.0208333333333
0.8
0.0
-0.3125
0.1220703125
-0.4
0.0
0.0
0.166666666667
0.166666666667
0.366666666667
0.225
0.00625
-0.0666666666667
0.8
0.1875
0.0
0.3125
0.0
0.35
0.0
0.116666666667
0.285714285714
0.0833333333333
0.416666666667
0.0
0.0
0.4
0.633333333333
-0.108333333333
0.0166666666667
0.283333333333
0.0
0.0
0.0
0.15
0.0
0.0
0.0
0.0
0.25
0.0
0.0
0.0
0.0
-0.25
0.0
0.8
0.136363636364
-0.208333333333
-0.277777777778
0.291666666667
0.5
0.1875
0.435185185185
0.0
0.875
0.25
0.7
0.52
-0.0333333333333
0.0375
0.285714285714
0.25
0.0
0.25
0.125
-0.105555555556
0.0
0.0
0.5
0.0
0.6
0.142857142857
0.0
0.0
0.0
0.0
0.8
0.108333333333
-0.5
0.0
0.3
0.128787878788
0.0
0.5
-0.366666666667
0.0
0.0
0.0
0.5
0.1875
0.0
0.0
-0.25
0.0
-0.238095238095
-0.0666666666667
-0.0451388888889
0.0
0.270833333333
-0.5
0.0
0.0
0.136363636364
0.0
0.166666666667
0.0
0.125
0.5
0.0
-0.25
0.0
-0.475
0.0
0.45
0.0
0.0
0.0
0.5
0.0
0.145833333333
0.7
0.45
0.0
0.0
0.0
0.0
-0.0316666666667
0.0
0.4
0.4
-0.125
-0.1
0.0333333333333
0.0
-0.5
0.7
0.0
0.0
0.0
0.25
0.25
0.0
0.5
0.0
0.0
0.05
0.2
-0.125
-0.233333333333
0.0
0.0
0.352380952381
0.0
0.0
-0.0291666666667
-0.360714285714
0.1953125
-0.2
-0.392857142857
0.0
0.0
0.41875
0.0
-0.155555555556
0.0
-0.166666666667
0.0
0.0
0.5
0.0
0.0
0.0
0.0
-0.0141666666667
-0.3
0.285714285714
0.0
0.5
-0.05
-1.0
0.6
-0.345833333333
0.0
0.0
0.0
0.7
0.2
0.125
-0.358333333333
0.0833333333333
0.6
0.0
0.0
0.633333333333
0.0
0.383939393939
0.0
-0.613888888889
0.0
0.0
0.0
0.7
0.0277777777778
0.0
-0.1
0.0
-0.0333333333333
0.55
-0.5
-0.5
0.0
0.0
0.12
0.25
0.25
0.5
0.0
0.130208333333
0.0
0.0
0.5
0.0
0.225
-0.183333333333
0.0
0.6
0.0583333333333
