0.4
0.0
0.45
0.483333333333
0.0
0.0
0.0
0.535714285714
0.533333333333
0.0
0.0
0.5
0.5
0.383333333333
0.383333333333
0.85
0.35
0.0
0.0
0.766666666667
0.166666666667
0.0
0.0
0.642857142857
0.0
0.0
0.288888888889
0.0
0.333333333333
0.0
0.683333333333
0.0
0.166666666667
0.0
0.75
0.0
0.0
0.0
0.0
0.5
0.1
1.0
0.4375
0.55
0.4
0.360714285714
0.796296296296
1.0
0.0
0.0
0.423333333333
0.82962962963
0.6
0.383333333333
0.45
0.15
0.6
0.0
0.441666666667
0.0
0.744444444444
0.0
0.0
0.5
0.785714285714
0.777777777778
0.0
0.925
0.54
0.54
0.3
0.0
0.0
0.32
0.6
1.0
0.0
0.414444444444
0.0
0.5
0.6
0.745238095238
0.0
0.1
0.288888888889
0.0
0.0
0.6
0.85
0.666666666667
0.1
1.0
0.3
0.6
0.0
0.52380952381
0.344444444444
0.65
0.875
1.0
0.944444444444
0.5
0.0
0.3
0.0
0.916666666667
1.0
0.0
0.0
0.65
0.4425
0.0
1.0
0.422222222222
0.694444444444
0.5
0.5
0.7
0.5
1.0
0.7
1.0
0.133333333333
0.9
0.0
0.3
1.0
0.633333333333
0.666666666667
0.25
0.6
0.744444444444
0.4
0.0
0.3
0.538461538462
0.3
1.0
0.4
0.0
0.4
0.4
0.25
0.55
0.4
0.6
0.5
0.4
0.125
0.0
0.0
0.0
0.0
0.535714285714
0.0
0.866666666667
0.0
0.8
0.0
0.211111111111
0.35
0.833333333333
0.6
0.1
0.477272727273
0.3
0.4
0.850909090909
0.425
0.0
0.0
0.3
0.0
0.0
0.458928571429
0.401785714286
0.4
1.0
0.3
0.375
0.2
0.375
0.233333333333
0.7
0.761507936508
0.5
0.95
0.928571428571
0.4
0.0
0.267857142857
0.0
0.3
0.428571428571
0.0
0.0
0.0
1.0
0.1
0.3
0.0833333333333
0.0
0.466666666667
0.5
0.285185185185
0.666666666667
0.0
0.454545454545
0.45
0.8
0.4
0.15
0.511904761905
0.62380952381
0.0
1.0
0.0
0.433333333333
0.425
0.0
0.35
0.46875
0.0
0.2
0.454545454545
0.5
1.0
0.0
0.0
0.75
0.866666666667
0.8
0.283928571429
0.25
0.55
0.7
0.677272727273
0.5
0.3
0.6
0.0
0.5
0.0
0.0
0.375
0.875
0.45
1.0
0.6
0.5
0.0
0.0
0.6
0.333333333333
0.0
0.0
1.0
0.35
0.0
0.2
0.188888888889
0.45
0.4
0.0
0.7
0.607142857143
1.0
0.0
0.2
0.0
0.767857142857
0.0
0.5
0.575
0.0
0.556666666667
0.0
0.0
0.65
0.375
0.455357142857
0.0
0.6875
0.0
0.727272727273
0.0
0.0
0.0
0.0
0.533333333333
0.4
0.0
0.0
0.0
1.0
0.533333333333
0.0
0.584848484848
0.486111111111
1.0
1.0
0.0
0.454545454545
0.5
0.77
0.15
0.520833333333
0.0
0.0
0.0
0.433333333333
0.833333333333
0.8
0.45
0.65
0.8
1.0
0.0
0.454545454545
0.69375
0.5
0.1
0.645833333333
0.0
0.4
0.3
0.0
0.0
0.0
0.77
0.0
1.0
0.0
1.0
0.9
0.2
0.666666666667
0.857142857143
0.0
0.506944444444
0.65
0.0
0.0
1.0
0.0
0.0
0.7
0.288888888889
0.0
0.0
0.5
0.6
0.0
0.3
0.333333333333
0.0
0.0
0.8
0.733333333333
0.0
0.0
0.0
1.0
0.6
0.9
0.241666666667
0.0
0.0
0.4
0.0
0.0
0.3
0.0
0.0
0.333333333333
0.0
0.383333333333
0.4
0.9
0.0
0.5
0.511363636364
0.430303030303
0.0
1.0
0.75
0.0
0.0
0.0
0.9
0.59375
0.233333333333
0.8
0.85
0.6375
1.0
0.4
0.0
1.0
0.0
0.3025
0.35
0.0
0.9
0.0
0.1
0.708333333333
0.666666666667
0.488541666667
0.05
0.9
0.666666666667
0.666666666667
0.0
0.6
0.54
0.575
0.0
0.0
0.666666666667
0.0
0.49512987013
0.4375
0.0
0.8
0.3
0.0666666666667
0.0
0.75
0.0
0.0
0.85
1.0
0.9
1.0
0.566666666667
0.375
0.45
0.25
0.441666666667
0.375
0.888888888889
0.672619047619
0.666666666667
0.833333333333
0.0
0.6
0.0
0.666666666667
0.9
0.6
0.666666666667
0.466666666667
0.375
0.333333333333
1.0
0.0
0.2
1.0
0.5
0.0
0.277777777778
0.0
0.0
0.0
0.0
0.541666666667
0.0
0.0
0.0
0.0
0.0
0.0
0.563636363636
0.0
0.0
0.555555555556
0.0
0.0
0.75
0.280555555556
1.0
0.270833333333
0.375
0.6
0.8
0.794444444444
0.25
0.0
0.65
0.0
0.35
0.0
0.1
0.85
0.0
0.0
0.0
0.875
0.0
0.3
0.4
0.5
0.0
0.0
0.733333333333
0.7
0.7
0.351515151515
0.4
0.0
1.0
0.0
0.0
0.0
0.0
0.0
0.475
0.4
0.3
0.0
0.833333333333
0.0
0.0
0.535714285714
0.55
0.5
0.0
0.0
0.454545454545
0.813888888889
0.25
1.0
0.35
0.0
0.5
0.0
0.533333333333
0.0
0.85
0.8
0.125
0.55
0.75
0.4
0.0
0.266666666667
0.0
0.85
0.2
0.8
0.8
0.0
0.15
0.0
0.525
0.0
0.405777777778
0.166666666667
0.466666666667
0.517857142857
0.55
0.125
0.833333333333
0.0
0.0
0.166666666667
0.45
0.0
0.5
0.557142857143
0.65
0.469444444444
0.0
0.55
0.5
0.294444444444
0.0
0.0
0.0
0.0
0.6
0.5
0.6
0.0
0.6
0.35
0.0
0.8
0.591666666667
0.767857142857
1.0
0.7
0.0
0.0
0.535714285714
0.0
0.6
0.767857142857
0.55
0.0
0.9
0.0
1.0
0.75
0.0
0.0
0.5
0.0
0.417857142857
0.858928571429
0.0
0.666666666667
0.75
0.0
0.825
0.575
0.6
0.0
0.616666666667
1.0
0.0
0.6
0.666666666667
0.7
0.0
0.0
0.475
0.0333333333333
0.0
0.627142857143
0.0
0.4
0.75
0.0
0.0
0.0
0.5
0.8
0.7
0.1
0.6
0.0
0.0
0.0625
0.666666666667
0.0
0.770833333333
0.5
0.55
0.0
0.0
0.0
0.5
0.3125
0.0
0.51
0.433333333333
0.0
0.0
0.6
0.0
0.4
0.0
0.15
0.454545454545
0.527272727273
0.0
0.0
0.444444444444
0.75
0.566666666667
0.0
0.833333333333
0.3
1.0
0.8
0.2
0.535714285714
0.0
0.535714285714
0.0
0.0
0.675
0.0
0.55
0.6
0.7
0.7
0.5
0.0
0.484444444444
0.4
0.0
0.5
1.0
0.4
0.7
0.0
0.0
0.333333333333
0.6
0.844444444444
0.35
0.0
0.0
0.0
0.9
0.4
0.4
0.75
0.0
0.0
0.0
0.6
0.0
0.857142857143
0.0
0.517857142857
0.35
0.633333333333
0.5
0.1
0.6
0.0
0.5
0.5
0.6875
0.0
0.725
0.747619047619
0.535714285714
0.0
0.82962962963
0.0
0.0
0.288888888889
0.0
0.6875
0.2
0.0
0.7
0.0
0.736111111111
0.0
0.0
0.762962962963
0.733333333333
0.0
0.0
0.0
0.0
0.0
0.0
0.9
0.0
0.857142857143
0.7
0.666666666667
0.5
0.60119047619
0.0
0.0
0.352380952381
0.4375
0.0
0.6
0.0
0.4
0.0
0.65
0.0
0.733333333333
0.666666666667
0.0
1.0
0.9
0.1
0.3
0.229166666667
0.625
0.0
0.4
0.0
0.0
0.0
0.5875
1.0
0.0
0.508333333333
0.5
0.0
0.95
0.4
0.0
0.0
0.0
1.0
0.4
0.0
0.3
0.188888888889
0.727272727273
0.0
0.55
1.0
0.0
0.8
0.0
0.0
1.0
0.666666666667
0.35
0.0
0.695833333333
0.125
0.45
0.34375
0.9
0.475
0.9
0.0
0.825
0.0
1.0
1.0
1.0
0.5
0.0
0.0
0.5
0.0
0.775
0.55
0.55
0.7
0.0
0.0
0.433333333333
0.75
0.6
0.7
1.0
0.0
0.508333333333
0.508333333333
0.53125
0.508333333333
0.508333333333
0.508333333333
0.63125
0.508333333333
0.63125
0.508333333333
0.508333333333
0.55625
0.508333333333
0.55625
0.508333333333
0.508333333333
0.508333333333
0.508333333333
0.508333333333
0.63125
0.2625
0.508333333333
0.508333333333
0.63125
0.50625
0.508333333333
0.508333333333
0.508333333333
0.508333333333
0.508333333333
0.508333333333
0.508333333333
0.618333333333
0.508333333333
0.508333333333
0.418333333333
0.53125
0.508333333333
0.508333333333
0.508333333333
0.508333333333
0.508333333333
0.508333333333
0.508333333333
0.508333333333
0.508333333333
0.0
0.50625
0.508333333333
0.508333333333
0.50625
0.508333333333
0.508333333333
0.625
0.508333333333
0.508333333333
0.63125
0.50625
0.508333333333
0.508333333333
0.508333333333
0.508333333333
0.508333333333
0.508333333333
0.508333333333
0.508333333333
0.0
0.0
0.675
0.55625
0.508333333333
0.63125
0.55625
0.508333333333
0.508333333333
0.54375
0.508333333333
0.508333333333
0.705
0.508333333333
0.5
0.422916666667
0.35
0.0
1.0
0.7
0.566666666667
0.0
0.0
0.152777777778
0.833333333333
0.5
0.1
0.0
0.0
0.0
0.617857142857
0.2
0.416666666667
0.0
0.55
0.0
0.79
1.0
0.0
0.0
0.0
0.0
0.6
0.0
0.0
0.833333333333
0.0
0.888888888889
0.0
0.0
0.6
0.283333333333
0.701136363636
0.3
0.0
0.0
0.0
0.8
0.75
0.464814814815
0.0
0.727272727273
0.684848484848
1.0
0.0
0.616666666667
0.0
0.0
0.0
0.0
0.0
0.0
0.0
0.0
0.2625
0.0
1.0
0.0
0.6
0.0
0.0
0.0
0.0
0.569444444444
0.0
0.1
0.0
0.0
0.0
0.75
0.0
0.75
0.377272727273
0.2
0.25
0.625
0.0
0.608333333333
0.0
0.0
0.0
0.5
0.533333333333
0.0
0.683333333333
0.75
0.613333333333
0.0
0.0
0.0
0.0
0.0
0.642857142857
0.8
0.0
0.0
0.5
0.0
0.272222222222
0.0
0.9
1.0
0.725
0.888888888889
0.0
0.4
0.51875
0.3375
0.883333333333
0.65
0.516666666667
0.52962962963
0.833333333333
0.25
0.0
0.0
0.6
1.0
0.7
1.0
0.7
0.604166666667
0.4375
0.3
0.6
0.466666666667
0.0
1.0
0.0
0.0
0.0
0.9
0.533333333333
0.5
0.0
0.6
0.5
0.05
0.0
0.54
0.0
0.0
0.533333333333
0.0
0.9
0.4
0.0
0.0
0.0
0.45
0.5
0.0
0.845238095238
0.0
0.0
0.3
0.6
0.0
0.69212962963
0.0
0.2
0.0
0.0
0.25
0.616666666667
0.6
0.541666666667
0.5
0.0
0.0
0.25
0.0
1.0
0.82962962963
0.533333333333
0.9
0.4
0.45
0.0
1.0
0.0222222222222
0.1
0.2
0.0
0.0
1.0
0.8
0.0
0.0
0.3
1.0
0.0
0.0
0.391666666667
0.1
0.2
0.55
0.75
1.0
0.357142857143
0.0
0.0
0.85
0.6
0.45
0.0
0.466666666667
0.45
0.9
0.65
0.0
0.45
0.0
0.3
0.2
0.0
0.0
1.0
0.6
0.2
0.05
0.5
0.0
0.0
0.3
0.0
0.65
0.0
0.0
0.0
0.0
0.8
0.0
0.75
0.366666666667
0.0
0.0
0.0
0.0
0.35
0.7
0.0
0.554166666667
0.244444444444
1.0
0.0
0.3
0.5
1.0
0.466666666667
0.0
0.2
0.333333333333
0.666666666667
0.4375
0.0
0.25
0.0
0.53
0.0
0.0
0.0
1.0
1.0
0.0
0.0
0.0
0.0
0.0
0.5
0.454545454545
0.7
0.0
1.0
0.394444444444
0.2
0.25
0.133333333333
0.1
0.394444444444
0.288888888889
0.0
0.4
0.0
0.0
0.533333333333
0.535714285714
0.0
1.0
0.9
0.55
1.0
0.7
0.6
0.0
0.566666666667
0.0
0.666666666667
0.0
0.0
0.8375
0.3
0.60119047619
0.0
0.5
0.616666666667
0.6
0.4125
0.0
1.0
0.0
0.625
0.0
0.9
0.522222222222
0.866666666667
0.0
0.0
0.0
0.0
0.0
1.0
0.4
0.5
0.0
0.0
0.25
0.322222222222
0.0
1.0
0.394444444444
0.0
0.0
0.75
0.666666666667
0.666666666667
0.125
0.0
0.1
0.5
0.52962962963
1.0
1.0
0.0
0.6
0.75
0.572727272727
0.0
0.0
0.625
0.8
0.0
0.583333333333
0.0
1.0
0.0
0.0
0.5875
0.6
0.683333333333
0.55
0.7
0.648333333333
0.8
0.417857142857
0.583333333333
0.333333333333
0.6
0.513888888889
0.0
0.0
0.3
0.75
0.666666666667
1.0
0.6
1.0
0.5
0.666666666667
0.1
0.0
0.0
0.0
0.55
0.583333333333
0.9
0.5
0.0
0.473737373737
0.0
0.666666666667
0.0
0.0
0.0
0.0
0.266666666667
0.6
0.7125
0.6
1.0
0.517857142857
0.0
0.0
0.133333333333
0.0
0.55
1.0
0.0
0.5
0.0
0.0
0.0
0.8
0.0
0.0
0.0
0.416666666667
0.45
0.875
0.0
0.0
0.0
0.0
0.0666666666667
0.0
0.25
0.0
0.5
0.272222222222
0.517857142857
0.0
0.0
0.833333333333
0.9
0.625
1.0
0.0666666666667
0.0
0.6
0.644444444444
0.194444444444
0.729166666667
1.0
0.0
0.3
1.0
0.7
0.0
0.844444444444
0.413888888889
0.0
0.35
1.0
0.5
0.525
0.125
0.541666666667
0.5625
0.0
0.0
0.9
0.355555555556
0.0
0.0
0.6
0.0
0.566666666667
0.0
0.0
0.0333333333333
0.0
0.4475
0.0
0.0
0.0
0.0
0.0
0.0
0.28
0.625
0.0
0.7
0.0
0.375
0.0
0.58
0.4
0.7
0.0
1.0
1.0
0.888888888889
0.0
0.888888888889
0.0
0.5
0.944444444444
0.7
0.7
0.0
0.0
1.0
1.0
0.466666666667
0.5375
0.2
0.45
0.0
0.0
0.3
0.0
0.8
0.3
0.3875
0.0
0.0
0.0
0.375
0.0
0.2
0.75
0.6
0.75
0.75
0.5
0.0
0.45
0.0333333333333
0.0
0.0
0.5
0.533333333333
0.3
0.0
0.41
1.0
0.648484848485
0.701388888889
1.0
0.5
0.0
0.0
0.0
0.7
0.0
0.752380952381
0.6
1.0
0.0
0.4
0.0
0.0
0.0
0.454545454545
0.0
0.2
0.522222222222
0.0
0.288888888889
0.6
0.0
0.0
0.133333333333
0.975
0.8
0.0
1.0
0.0
0.772222222222
0.55
0.3
0.0
0.535714285714
0.5
0.3
0.668181818182
0.666666666667
0.1
1.0
0.0
0.75
0.8
0.506944444444
0.4
0.0
0.6
0.0
0.0
0.9
0.833333333333
0.5
0.25
0.9
0.0
0.267857142857
0.552272727273
0.0
0.0
1.0
0.2
0.0
0.570833333333
0.0
0.9
0.5
0.6
0.0
0.583333333333
0.0
0.1
0.0
0.0
0.5
1.0
1.0
0.0
0.0
0.4
0.05
1.0
0.0
0.4
0.2
0.666666666667
0.4
0.0
0.25
0.0
0.3
0.1
0.0
0.0
0.0
0.9
0.0
0.508333333333
0.0
0.0
0.467857142857
0.0
0.4
0.0
0.7
0.7
0.416666666667
0.0
0.1
0.625
0.4
0.944444444444
0.0
0.9
0.7
0.4
0.75
0.8
0.0
0.0
0.416666666667
0.25
0.0
0.7
0.5
0.0
0.125
0.75
0.6
0.125
0.0
0.4375
0.0
0.233333333333
0.303333333333
0.433333333333
0.95
0.767857142857
0.5
0.0
0.0
0.2
0.0
0.0
0.8
0.1
0.0
0.466666666667
0.0
0.944444444444
0.05
0.0
0.75
0.0
0.0
1.0
0.1
1.0
0.333333333333
0.6875
0.733333333333
0.478571428571
0.9
0.9
0.0
0.0
0.375
0.2
0.0
0.0
0.0
0.45
0.0
0.583333333333
0.535714285714
0.75
0.9
0.133333333333
0.0
0.2
0.0
0.0
0.0
0.75
0.0
0.535714285714
0.85
0.6
0.5
1.0
0.85
0.7125
0.2
0.575
0.233333333333
1.0
0.0
0.25
0.0
0.625
0.0
0.0
1.0
0.85
1.0
0.0
0.8
1.0
0.0
0.6
0.820105820106
0.594444444444
0.5875
0.0
0.5
0.45
0.0
0.4
0.6
0.0
0.0
1.0
0.45
0.1
0.0666666666667
0.0
0.6
0.32
0.9
0.0
0.5625
0.535714285714
0.2
0.0
0.333333333333
0.288888888889
1.0
0.0
0.825
0.716666666667
0.5
0.425
0.6
0.666666666667
0.7
0.466666666667
0.0
0.3125
0.0
0.122222222222
1.0
0.75
0.45
0.0
0.4
0.0
0.55
0.0
0.7
0.6
0.25
0.783333333333
0.566666666667
0.6375
0.0
0.0
0.0
0.5
0.65
0.5
0.0
0.0
0.5
0.0
0.633333333333
0.25
0.0
0.0
0.0
0.2
0.0
0.2
0.0
0.2
0.0
0.0
0.0
0.4
1.0
0.5
0.0
0.0
0.0
1.0
0.0
0.0
0.25
0.74
0.5
0.7
0.0
0.0
0.6
0.0
1.0
0.0
0.5
0.166666666667
0.8
0.5
0.7
0.234848484848
0.0
0.825
0.234848484848
0.5
0.0
0.5
0.166666666667
0.717857142857
0.387070707071
0.0
1.0
0.125
0.2
0.0
0.0
1.0
0.0
0.0
0.5
0.454545454545
0.5
0.54
0.54
0.6375
0.234848484848
0.125
0.0
0.25
0.0
0.65
0.45
0.427777777778
0.427777777778
0.0
0.716666666667
0.535714285714
0.8
0.5
0.6
1.0
0.2875
0.433333333333
0.0
0.433333333333
0.166666666667
0.0
0.0
0.0
1.0
0.454545454545
0.0
0.9
0.288888888889
0.6
0.75
0.0
0.0
0.0
0.0
0.0
0.6
0.85
0.8
0.85
0.6
0.6
0.0
0.0
0.4
0.0
0.386904761905
0.0
0.2
0.433333333333
0.255555555556
0.644444444444
0.7
0.0
0.2
0.632142857143
0.3
0.289772727273
1.0
0.4
0.8
0.366666666667
0.0
0.65
0.3
0.0
0.0
0.0
0.0
0.857142857143
0.3
0.55
0.0
0.568181818182
0.0
0.533333333333
0.0
0.0
0.3
1.0
0.6
0.2
0.0
0.8
0.0
0.5
0.644444444444
0.0
0.0
0.577272727273
0.0
0.4
0.475
0.0
0.475
0.75
0.683333333333
0.0
0.0
0.0
0.733333333333
0.833333333333
0.833333333333
0.0
0.0
0.0
0.0
0.591666666667
0.325
0.602777777778
0.0
0.0
0.262962962963
0.501136363636
0.0
1.0
0.0
1.0
0.3
0.7
0.1875
0.0
0.0
0.0
0.0
0.4
0.6
0.2
0.5
0.6
0.52
0.7
0.7
0.375
0.0
0.616666666667
0.125
0.6
0.6
0.733333333333
0.708333333333
0.25
0.75
0.291666666667
1.0
0.55
0.0
0.0
0.0
0.0
0.0
1.0
0.0
0.288888888889
0.0
0.0
0.6
0.0
0.433333333333
0.0
0.0
0.0
1.0
1.0
0.433333333333
0.2
0.75
0.833333333333
1.0
0.3
0.95
0.0
0.55
0.2
0.928571428571
0.0
0.0
0.85
0.819047619048
0.5
0.833333333333
0.819047619048
0.85
0.666666666667
0.6
0.0
0.0
0.0
0.616666666667
0.583333333333
0.45
0.7
0.0
0.5
0.0
0.0
0.0
0.2
0.0
0.583333333333
0.0666666666667
0.375
0.0
0.658333333333
1.0
0.0
0.866666666667
0.43
0.8
0.0
0.7
0.85
0.166666666667
0.0
0.7
0.2
0.0
0.0
0.0
0.794871794872
0.8
0.75
0.825
0.0
0.0
0.95
0.466666666667
0.2
0.3
0.466666666667
1.0
0.916666666667
0.0
0.577777777778
0.725
1.0
0.6
0.716666666667
0.288888888889
0.0
0.4
0.5
0.725
0.0
0.0
0.0
0.8
0.7
0.5
0.4
0.535714285714
0.333333333333
0.0
0.755555555556
0.535714285714
0.755555555556
0.458333333333
0.455357142857
0.0
0.0
0.3
0.0
0.5
0.5
0.0
0.13125
0.727272727273
0.5
0.369444444444
0.2
1.0
0.0625
0.372727272727
0.4
0.0
0.0
0.85
0.75
0.75
0.75
0.571428571429
0.0
0.6
0.544444444444
0.5
1.0
0.6875
0.5
1.0
0.5
0.5
0.0
0.0
1.0
0.781944444444
0.675
0.888888888889
0.0
0.3
0.0
0.9
1.0
0.0
0.0
0.6
0.383333333333
0.3
0.730158730159
1.0
0.1
0.0
0.525
0.375
0.75
0.2
0.525
0.4175
0.0
0.411111111111
0.6
0.45
0.4
0.5
0.447222222222
0.0
0.0
0.604166666667
0.5
0.0
1.0
1.0
0.0
0.45
0.383333333333
0.375
1.0
0.858333333333
0.266666666667
0.0
0.0
0.0
0.5
0.65
0.4
0.4
0.8
0.386666666667
0.0
0.5
0.9
0.9
0.6
0.283928571429
0.2
0.0416666666667
1.0
0.666666666667
0.5
0.0
0.9
0.0
0.75
0.6
0.6
0.572222222222
0.0
0.0
0.3875
1.0
0.25
0.5
0.25
0.0
0.383333333333
0.0
0.0
0.0
0.5
0.5
0.0
0.0
0.0
0.0
0.7
0.0
0.95
0.0
0.454545454545
0.1
0.5
1.0
0.1
0.7
0.7375
0.0
0.0
0.0
0.1
0.8
0.0
0.6875
0.0
0.4
0.1
0.418181818182
0.0
0.433333333333
0.5
0.5
0.0
0.0
0.1
0.694444444444
0.65
0.0
1.0
0.15
0.0
0.0
0.9
0.0
0.7
0.1
1.0
0.0
0.45
0.2
0.528571428571
0.322222222222
0.9
0.460909090909
0.351388888889
0.0
0.0
0.380476190476
0.0
0.483333333333
0.775
0.4
0.2
0.1
0.0
0.666666666667
0.0
0.0
0.0
0.0
0.0
1.0
0.1
0.3
0.65
0.45
0.1
0.0
0.635
0.0
0.0
0.944444444444
0.0
0.0
0.0
1.0
0.288888888889
0.0
0.7
0.0
0.3
0.1
0.9
0.85
0.6
0.0
0.0
0.6
0.0
0.25
0.0
0.95
0.0
0.0
0.783333333333
0.9
0.75
0.2
0.2
0.2
0.0
0.45
0.888888888889
1.0
0.7
0.35
1.0
0.25
0.8
1.0
0.0
0.2
0.0
0.0
0.366666666667
0.144444444444
0.694444444444
0.9
1.0
0.666666666667
0.594444444444
0.0
0.0
0.0
0.0
0.4
0.9
0.4
0.0
0.454545454545
0.6
0.9
0.5
0.144444444444
0.0
0.144444444444
0.4
0.0
0.4
0.816666666667
0.6125
1.0
0.35
0.35
0.3
0.533333333333
0.0
0.0
0.666666666667
0.8
0.5
0.125
0.0833333333333
0.35
1.0
0.0
0.0
0.327272727273
0.35
0.0
0.0
0.333333333333
0.258333333333
0.0
0.0
0.888888888889
0.0
0.4
0.2375
0.0
0.7
1.0
0.0
0.0
1.0
0.616666666667
0.0
0.4375
0.0
0.0
0.0
0.0
0.35
0.55
0.751515151515
0.0
0.75
0.0
0.57
0.0
0.0
0.6
0.9
0.575
0.533333333333
0.65
0.0
0.0
0.0
0.65
0.4
0.0
0.0
0.0
0.0
0.0
0.0
0.6875
0.0
0.0
0.0
0.6
0.9
0.584848484848
0.8
0.0
0.222222222222
0.9
0.777777777778
1.0
0.0
0.525
1.0
0.2
0.0
1.0
0.0
0.1
0.0
0.0
0.0
0.6
0.0
0.888888888889
0.627272727273
0.0
0.0
0.784848484848
0.4
0.0
0.1
0.0
0.6
0.6
0.0
0.0
0.0
0.4
0.438636363636
0.45
0.0
0.0
1.0
0.25
0.65
0.466666666667
0.0
0.583333333333
0.0
0.45
0.3
0.0
0.6
0.825
0.5
0.288888888889
0.0
0.0
0.0
0.4
0.45
0.0
0.466666666667
0.35
0.833333333333
0.1
0.0
0.4
0.3
0.625
0.375
0.9
0.0
0.0
0.75
0.0666666666667
0.5
0.466666666667
0.388888888889
0.0
0.6
0.8
1.0
0.3
0.0
1.0
0.515
0.617857142857
0.288888888889
0.9
0.0
0.416666666667
0.54
0.57
0.75
0.6
0.0
0.1
0.0
0.833333333333
0.4
0.5
0.6
0.5
0.785714285714
0.888888888889
0.616666666667
0.433333333333
0.0
0.760634920635
0.0
0.4375
1.0
0.1
0.5
0.0
0.0
0.1
0.75
1.0
0.0
0.0
0.473737373737
0.0
0.25
0.0
0.325
0.3
0.333333333333
0.9
0.944444444444
0.5
0.0
0.0
0.233333333333
0.0
0.283333333333
0.2
1.0
0.65
0.75
0.0
0.55
0.0
0.0
0.0
0.0
0.535714285714
0.0
0.0
0.5
0.0
0.0
0.0
0.0
0.0333333333333
0.625
0.0
0.562962962963
0.648677248677
0.683333333333
0.533333333333
0.5125
0.0
0.833333333333
0.767857142857
1.0
0.566666666667
0.0
0.1
1.0
1.0
0.0
0.9
0.5
0.9
0.0
0.427777777778
0.0
0.739153439153
0.454545454545
0.0
0.866666666667
0.0
0.25
0.477272727273
0.9
0.75
0.2
0.8
0.3
0.6
0.25
0.8
0.5
0.0
0.5
0.233333333333
0.0
0.433333333333
0.458333333333
0.0
0.833333333333
0.0
0.0
0.0
0.0
0.0
0.65
0.725
0.6
0.1
0.311111111111
1.0
0.2
0.0
0.0
0.0
0.55
0.75
0.65
1.0
1.0
0.0
0.333333333333
0.25
0.7
0.0
0.0
0.366666666667
0.441666666667
0.05
0.95
0.4
1.0
0.0
0.725
0.5
0.0
0.6
0.555555555556
0.333333333333
0.0
0.5
0.9
0.535714285714
0.55
0.310416666667
0.527777777778
0.783333333333
0.0
0.0
0.0
1.0
0.0
0.9
0.0
0.0
0.711111111111
0.5
0.0666666666667
0.454545454545
0.0
0.383333333333
0.375
0.0
0.0
0.0
0.75
0.533333333333
0.408333333333
0.4
0.7
0.5
0.0
0.0
0.645238095238
0.875
0.0
0.519444444444
0.95
0.0
1.0
0.0
0.454545454545
0.6
0.414772727273
0.0
0.375
0.966666666667
0.414772727273
0.9
0.2
0.35
0.35
0.0
0.0
0.45
0.3
0.0
0.0666666666667
0.5
0.621333333333
0.5
0.535714285714
0.6
0.5
0.325
0.65
0.606666666667
0.20404040404
0.0
0.752380952381
0.6
0.166666666667
0.333333333333
0.0
0.0
0.6
0.25
1.0
0.95
0.45
0.325
1.0
0.0
0.6
1.0
0.0666666666667
0.75
0.0
0.0
0.255555555556
0.0
0.283333333333
1.0
0.0
1.0
0.6
0.0
0.6
0.1
0.0
0.85
0.9
0.6
0.0
0.0
0.0
0.683333333333
0.0
0.0
0.55
0.0
0.454545454545
0.0
0.0
0.7
0.55
0.0
0.9
0.6
0.716666666667
0.54
0.54
0.30303030303
0.777777777778
0.0
0.9
0.333333333333
0.367857142857
0.0
0.9
0.75
0.5
0.5
0.25
0.55
0.0
0.0
1.0
0.416666666667
1.0
0.5
0.288888888889
1.0
0.0
0.7
0.0
0.35
0.9
0.333333333333
0.3
0.642857142857
0.9
0.775
0.454545454545
0.5
0.75
0.4
0.4
1.0
0.444444444444
0.6875
0.3
0.4
0.385714285714
0.7
0.5
0.775
0.9
0.5
0.0
0.5
0.65
0.663333333333
0.9
0.05
0.75
0.45
0.0
0.9
0.3
0.857142857143
0.444444444444
0.5
0.0
0.4
1.0
0.1
0.266666666667
0.0769230769231
0.5
0.541666666667
0.585714285714
1.0
0.0
0.9
1.0
0.0
1.0
0.875
0.0
0.507070707071
0.541666666667
1.0
0.4
0.7
1.0
0.85
0.258333333333
0.166666666667
0.333333333333
0.0
0.3
0.0
0.0
0.607407407407
0.0
0.0
0.4
0.522857142857
0.0
0.125
0.5
0.0
0.45
0.05
0.2
1.0
0.0
0.4
0.85
0.525
0.45
0.4
0.5
0.454545454545
0.0
0.9
1.0
0.0
0.6
0.0
0.514155844156
0.642727272727
0.566666666667
0.0
0.0
0.0
1.0
0.0
0.555555555556
0.466666666667
0.45
0.6
0.5
0.8
0.370833333333
0.4
0.55
0.0
0.3
0.8
0.6
0.375
0.775
0.75
0.325793650794
0.125
0.0
0.2
0.8
0.433333333333
0.425
0.0
0.75
0.866666666667
0.7
0.9
0.67962962963
0.0
0.427777777778
0.0666666666667
0.6
0.463333333333
0.55
0.9
0.6
0.85
0.575
0.566666666667
0.0
0.5
1.0
1.0
0.183333333333
0.9
0.0
0.8
0.233333333333
0.65
0.0
0.0
0.633333333333
0.633333333333
0.683333333333
0.45
0.35
0.266666666667
0.9
0.4375
0.0
0.7
0.0
0.65
0.0
0.466666666667
0.535714285714
0.633333333333
0.5
0.75
0.0
0.616666666667
0.833333333333
0.133333333333
0.133333333333
0.533333333333
0.4
0.0
0.0
0.65
0.0
0.25
0.0
0.0
0.25
0.0
0.0
0.0
0.0
0.5
0.0
0.9
0.5
0.166666666667
0.494444444444
0.458333333333
0.9
0.4375
0.462962962963
0.0
0.6
0.25
0.6
1.0
0.433333333333
0.65
0.535714285714
0.2
0.4
0.75
0.375
0.233333333333
0.0
0.0
0.888888888889
0.0
0.5
0.267857142857
0.0
0.0
0.0
0.0
0.9
0.410897435897
1.0
0.0
0.9
0.401515151515
0.0
0.75
0.766666666667
0.0
0.0
0.0
0.5
0.4375
0.0
0.0
0.25
0.3
0.645238095238
0.6
0.59375
0.0
0.444444444444
1.0
0.0
0.125
0.454545454545
0.0
0.55
0.0
0.375
0.5625
0.0
0.55
0.0
0.4
0.0
0.4
0.1
0.0
0.0
0.7
0.0
0.5
0.6
0.6
0.125
0.0
0.0
0.666666666667
0.568333333333
0.0
0.8
0.8
0.533333333333
0.4
0.666666666667
0.0
1.0
0.6
0.0
0.0
0.0
1.0
0.5
0.0
0.5
0.0
0.0
0.4
0.2
0.1
0.255555555556
0.0
0.0
0.685714285714
0.0
0.0
0.316666666667
0.414285714286
0.130555555556
0.2
0.75
0.0
0.0
0.508333333333
0.0
0.288888888889
0.0
0.166666666667
0.1
0.0
0.5
0.0
0.0
0.0
0.0
0.28
0.45
0.535714285714
0.0
1.0
0.0
1.0
0.9
0.570833333333
0.0
0.0
0.0
0.6
0.4
0.6
0.622222222222
0.35
1.0
0.0
0.0
0.833333333333
0.0
0.576666666667
0.0
0.672222222222
0.3
0.0
0.0
0.9
0.347863247863
0.0
0.85
0.538461538462
0.6
0.65
0.7
0.7
0.0
0.5
0.446666666667
0.2
0.291666666667
0.5
0.0
0.475
0.0
0.0
0.5
0.0
0.6
0.583333333333
0.0
0.9
0.325
